,groupId,files,timeRun,perPos,perNeg,perPosDoc,perNegDoc,judgementCount,judgementFrac,avgSD,avgEVC
0,Shepherd_train05,10,22.826488018,0.0899855679363,0.0689112930422,0.8,0.2,16.5,0.0563111257654,0.630826000279,0.450927149054
1,Shepherd_train32,10,22.0217280388,0.0952504413834,0.0593401578499,1.0,0.0,17.8,0.0636981649245,0.618737722488,0.414768405766
2,Shepherd_train27,10,20.7825961113,0.0989335732357,0.0532382083411,1.0,0.0,16.4,0.0631448371022,0.623792392343,0.380840045258
3,Unitarian_train13,10,26.4193120003,0.0948892978007,0.117910286099,0.9,0.1,23.5,0.101965464142,0.677249952861,0.336629779568
4,MehrBaba_test01,10,15.2173440456,0.115270975128,0.0546295075989,1.0,0.0,20.2,0.278062623772,0.776409506853,0.644249839654
5,JohnPiper_train26,10,18.9817588329,0.103762187343,0.0421002888697,1.0,0.0,17.8,0.106261725448,0.770159264952,0.351293643143
6,Shepherd_train44,10,21.535380125,0.0941395820396,0.0679107775842,0.9,0.1,16.1,0.0719412384756,0.633418875262,0.515836463853
7,JohnPiper_train04,10,21.7561228275,0.0970998337751,0.0538247813415,0.8,0.2,24.8,0.144536098635,0.78558850339,0.480263986599
8,Shepherd_test15,10,21.145416975,0.104080962359,0.0541005404733,0.9,0.1,14.4,0.0586612534541,0.577144675176,0.364515599974
9,Shepherd_test04,10,21.880439043,0.0974650149796,0.053785771051,1.0,0.0,17.2,0.0639624964053,0.61436970921,0.31708015307
10,JohnPiper_test02,10,20.2026700974,0.0917717368779,0.057691061885,0.9,0.1,19.6,0.116353579218,0.786163147305,0.403782374636
11,DorothyDay_test02,10,13.101154089,0.0819253217863,0.0451265821398,0.9,0.1,13.0,0.148855376199,0.772871808518,0.566300461709
12,DorothyDay_test13,10,13.2741270065,0.0938043909226,0.0364038662829,1.0,0.0,15.2,0.195313281509,0.797484649259,0.362132108289
13,Rabbinic_test02,10,17.860877037,0.0913685582232,0.0447015809402,1.0,0.0,23.0,0.25428922072,0.742666395731,0.557108456499
14,Unitarian_train07,10,29.5942621231,0.101637330976,0.0427985987181,1.0,0.0,25.5,0.115267836769,0.70411006611,0.413535872632
15,DorothyDay_train29,10,11.14833498,0.0918213064602,0.0302503879327,1.0,0.0,12.0,0.164830690354,0.73415649798,0.548495799991
16,JohnPiper_train31,10,18.4508559704,0.103388860713,0.0436153929599,1.0,0.0,18.8,0.143557809688,0.741894309472,0.482418920026
17,WBC_train13,10,24.2245299816,0.0830676293748,0.0684368824757,0.7,0.3,27.2,0.197473192583,0.729632854401,0.303858397
18,JohnPiper_test15,10,22.0415830612,0.0930764272744,0.0470241818255,1.0,0.0,23.3,0.142864157622,0.737775472304,0.501997938361
19,MehrBaba_train05,10,14.9618148804,0.106498215956,0.049504274722,0.9,0.1,17.0,0.182995446389,0.706340678527,0.540684345499
20,Shepherd_train10,10,21.9706778526,0.102759955058,0.0527005947245,1.0,0.0,16.9,0.0602664431948,0.663672884951,0.381147401248
21,Shepherd_train09,10,21.572660923,0.100334095472,0.0595863283695,1.0,0.0,14.8,0.0535172547572,0.611656889754,0.258200328697
22,DorothyDay_train20,10,15.2010610104,0.0972906856282,0.0353204207111,1.0,0.0,16.1,0.179327979242,0.728466217661,0.445365811209
23,JohnPiper_train38,10,20.9439749718,0.0987603448062,0.0505882975077,0.9,0.1,22.2,0.130579321344,0.728557304869,0.305147025651
24,PastorAnderson_test01,10,81.7936358452,0.0837922354061,0.0507494041518,1.0,0.0,58.7,0.0633454544473,0.722545666536,0.480802727054
25,DorothyDay_train13,10,12.8912680149,0.0922696471128,0.0365719644121,1.0,0.0,15.0,0.174102804608,0.781158776118,0.510766491439
26,WBC_train00,10,19.3077089787,0.0730656416278,0.0779769497354,0.4,0.6,21.4,0.16260397892,0.740821131197,0.502654292875
27,DorothyDay_train41,10,14.6181941032,0.0826460938261,0.029649210047,1.0,0.0,15.9,0.171241523491,0.737913781485,0.532749432047
28,WBC_test11,10,23.1667280197,0.0831276905199,0.0656427561068,0.8,0.2,26.8,0.176311256452,0.73830824616,0.542906543981
29,WBC_test09,10,22.4613258839,0.0734280990009,0.0770810270702,0.5,0.5,24.9,0.174133705395,0.777584373866,0.568116498774
30,Rabbinic_train04,10,15.1985070705,0.0976644638182,0.0364665157218,1.0,0.0,20.1,0.264079737474,0.756867169765,0.501038803635
31,MehrBaba_train02,10,11.3604698181,0.129021168585,0.0484184859387,1.0,0.0,19.3,0.321405328466,0.899353760118,0.596657644931
32,WBC_test08,10,23.6924169064,0.0802911456288,0.0716265221977,0.6,0.4,25.9,0.167111200838,0.734363978236,0.303529852304
33,PastorAnderson_train01,10,86.6749091148,0.0828756140143,0.0595126324106,0.7,0.3,63.7,0.0585032943088,0.6901323208,0.524764449464
34,Unitarian_test06,10,27.5732269287,0.0990756833497,0.0509036859206,1.0,0.0,24.3,0.131557294252,0.655901521688,0.32860731963
35,Shepherd_train19,10,22.796929121,0.0992541433204,0.0611653682026,0.9,0.1,16.5,0.0607821430341,0.591414783381,0.490798938738
36,Shepherd_train00,10,22.0005159378,0.098105599575,0.049701059913,1.0,0.0,18.6,0.0787934937187,0.631087151153,0.435065775322
37,DorothyDay_train27,10,16.4784760475,0.0884725299357,0.0359990046178,1.0,0.0,18.1,0.177397341489,0.761135261289,0.582033939042
38,Shepherd_train37,10,19.3924388885,0.0983422337227,0.0500768741054,1.0,0.0,15.0,0.0820327480865,0.643742783082,0.35273839321
39,DorothyDay_train36,10,15.4637768269,0.0912425409657,0.0320372517039,1.0,0.0,13.4,0.124716141606,0.745779971135,0.526002876867
40,DorothyDay_train05,10,13.2418401241,0.0854713217439,0.033058196379,1.0,0.0,14.8,0.179166952832,0.747220977091,0.518509164038
41,Unitarian_train16,10,34.0628080368,0.0987701757388,0.0470231240578,1.0,0.0,29.5,0.116199298602,0.678551593021,0.624703537162
42,MehrBaba_test04,10,13.3987829685,0.108670706232,0.0525259797722,1.0,0.0,16.7,0.22209306118,0.769994220324,0.561812292768
43,DorothyDay_train18,10,13.1371321678,0.0861696019124,0.0387798055971,0.9,0.1,13.7,0.165756521006,0.768898302803,0.520689641601
44,JohnPiper_train15,10,18.9561841488,0.0962182178146,0.0427540364472,1.0,0.0,20.6,0.138693638317,0.68625991602,0.401973964491
45,JohnPiper_train23,10,18.9884910583,0.108650811165,0.0405070166985,1.0,0.0,20.2,0.127943399084,0.736279335748,0.498743436535
46,Shepherd_test10,10,20.5558230877,0.101742652459,0.0568789116921,1.0,0.0,16.9,0.0787431267449,0.601907033071,0.453525715547
47,WBC_test06,10,24.0827610493,0.0754994826338,0.0684678407565,0.6,0.4,31.5,0.200789191737,0.722180140389,0.672775524128
48,Shepherd_test01,10,22.2299141884,0.104521444012,0.0498580603901,1.0,0.0,17.4,0.0730141684752,0.596343195337,0.476475759345
49,JohnPiper_test05,10,19.1429760456,0.102994588465,0.050017633882,0.9,0.1,18.2,0.1204015334,0.682933958636,0.280384176475
50,PastorAnderson_train15,9,60.0662839413,0.0885439146855,0.0526787058523,0.888888888889,0.111111111111,53.2222222222,0.0818617040297,0.709710524479,0.344852007186
51,DorothyDay_test23,3,5.21898794174,0.0854229993463,0.0412068200287,1.0,0.0,12.3333333333,0.157389770723,0.788918471138,0.465258315131
52,DorothyDay_test07,10,20.1568288803,0.08441683273,0.0359492010997,1.0,0.0,21.7,0.184993347616,0.743335886796,0.367459383531
53,MehrBaba_train16,10,11.6102468967,0.110756226494,0.0397395723243,1.0,0.0,14.5,0.250970761459,0.812159701528,0.371622806606
54,DorothyDay_test16,10,21.8826420307,0.0922108302141,0.0369293973107,1.0,0.0,20.0,0.142775542847,0.784662779234,0.460082957309
55,Shepherd_train30,10,20.2843549252,0.101218347213,0.0546971248012,1.0,0.0,15.0,0.0730677690099,0.586031814837,0.370505541578
56,Unitarian_train00,10,33.8590259552,0.0978687800196,0.0391925619104,1.0,0.0,26.9,0.112481576466,0.68827286691,0.558847176134
57,Shepherd_train21,10,21.4153540134,0.0936188832275,0.0601042294537,1.0,0.0,16.5,0.0659235240312,0.602457128377,0.347525377712
58,Unitarian_train11,10,28.6343050003,0.104402288334,0.0553122740408,1.0,0.0,24.5,0.0975207475044,0.646400610925,0.4784811992
59,JohnPiper_train28,10,18.238473177,0.0903376793725,0.0573500887592,0.8,0.2,18.4,0.122507761254,0.748435776092,0.470114469944
60,WBC_train27,10,24.7517499924,0.079631953419,0.0640534697709,0.9,0.1,30.2,0.212385157909,0.750795162984,0.602792478082
61,Shepherd_train42,10,23.0864048004,0.0978989988141,0.0521118516807,1.0,0.0,16.1,0.0627767073197,0.633854745455,0.37242341972
62,JohnPiper_train02,10,16.8888618946,0.0913892181985,0.0615868739022,0.9,0.1,16.7,0.125631940129,0.699762537395,0.383183783451
63,Shepherd_test06,10,22.1015717983,0.104806471976,0.0521601854981,1.0,0.0,19.9,0.0854873688901,0.620994616102,0.576848058473
64,NaumanKhan_train05,8,29.5812289715,0.0796030449543,0.0430894391855,1.0,0.0,40.125,0.180141306857,0.656820177045,0.226145006534
65,DorothyDay_test11,10,12.9011399746,0.0923108686098,0.0345755777541,1.0,0.0,11.4,0.136413736598,0.813178617027,0.498120863701
66,Rabbinic_test04,10,15.9789800644,0.0957294359252,0.03521869999,1.0,0.0,21.4,0.25286841451,0.722960199902,0.355563757655
67,Rabbinic_train06,10,17.7195990086,0.0978728211957,0.0383599119841,1.0,0.0,25.7,0.288300199314,0.742061039225,0.453471913959
68,Shepherd_train15,10,21.4345481396,0.0954103813234,0.061632076082,0.8,0.2,18.0,0.0744352574315,0.606839904042,0.226012507107
69,Unitarian_train18,10,29.2808630466,0.0982754552648,0.0474806307883,0.9,0.1,25.3,0.112216637775,0.692774318045,0.342818227171
70,WBC_train17,10,24.0417809486,0.088843258075,0.0762426943685,0.6,0.4,30.0,0.192921845677,0.754095294386,0.491474224076
71,WBC_train25,10,22.5771429539,0.0857731327885,0.0703928805161,0.8,0.2,24.6,0.173279741174,0.728192741646,0.465473970559
72,WBC_train05,10,19.6717729568,0.0696834505194,0.0816293672609,0.4,0.6,21.0,0.167407872283,0.726148902992,0.58143639482
73,PastorAnderson_test06,9,70.4240880013,0.079625699113,0.0439012131079,1.0,0.0,62.6666666667,0.0814472613285,0.705476581992,0.430027719324
74,WBC_train15,10,23.3962562084,0.0952778420447,0.065272238054,0.8,0.2,27.8,0.186102400485,0.742524622817,0.486355993168
75,JohnPiper_train19,10,19.0754420757,0.100088514051,0.0429305174587,1.0,0.0,17.9,0.119750840155,0.729987464752,0.559415394688
76,JohnPiper_test13,10,20.1755309105,0.102247693801,0.0465473364161,1.0,0.0,20.7,0.125208975622,0.79510341629,0.233908264338
77,JohnPiper_train06,10,20.6059279442,0.0894434068158,0.0552755142207,1.0,0.0,20.0,0.130978799054,0.756962122122,0.506212376715
78,MehrBaba_train07,10,12.3700339794,0.112303576922,0.0482613905619,1.0,0.0,16.7,0.250523432537,0.75542391105,0.39262691123
79,PastorAnderson_train04,10,80.0278301239,0.0848695864297,0.0533145607167,0.9,0.1,54.1,0.0633093651281,0.680595869782,0.39781250014
80,Shepherd_train12,10,20.8136930466,0.109440961165,0.0493713073246,1.0,0.0,14.9,0.0658222692012,0.58037471166,0.384452364044
81,DorothyDay_train22,10,10.2236299515,0.0929634567476,0.048686149838,0.9,0.1,12.2,0.203923679221,0.761767070894,0.487941417667
82,DorothyDay_train33,10,16.5578269958,0.0910892037903,0.0413471508245,1.0,0.0,17.9,0.204676610896,0.750084215769,0.407564799393
83,Rabbinic_train10,10,15.8628890514,0.0912412604933,0.0387348692364,1.0,0.0,21.3,0.257801703377,0.759970075652,0.490003410079
84,DorothyDay_train08,10,14.6668899059,0.0873414405803,0.0354475340694,1.0,0.0,14.9,0.152722192035,0.744046963981,0.294052525649
85,DorothyDay_train15,10,20.6012499332,0.0908526871408,0.0369918010918,1.0,0.0,20.3,0.171553830812,0.740995057995,0.46516711243
86,DorothyDay_train42,10,13.8521559238,0.103875581352,0.0389727021117,1.0,0.0,13.8,0.158717636889,0.775881937793,0.428368830108
87,JohnPiper_train37,10,19.9325289726,0.0953038077112,0.0434847162466,1.0,0.0,19.5,0.115207947321,0.718292467367,0.448745008359
88,Shepherd_test20,10,25.1460590363,0.10076389727,0.0505892765003,1.0,0.0,20.2,0.0699452471439,0.612160829003,0.320073860144
89,NaumanKhan_test02,6,12.3181447983,0.0813737848774,0.0341103015395,0.833333333333,0.166666666667,19.0,0.227139121054,,0.3943133892
90,JohnPiper_test08,10,19.9277660847,0.0891118718884,0.0628527174978,0.8,0.2,18.9,0.123530475258,0.692960565295,0.173518307306
91,PastorAnderson_train12,10,70.3188691139,0.0896396588685,0.0442712401612,1.0,0.0,52.6,0.0732570876902,0.74692354728,0.593539150715
92,PastorAnderson_train03,10,80.4592158794,0.084239289923,0.0571298481095,0.8,0.2,60.8,0.0844829110118,0.707172737273,0.488911936184
93,WBC_train08,10,29.0791149139,0.080719519842,0.079765444443,0.6,0.4,33.1,0.177117166167,0.730749115683,0.652886636146
94,Unitarian_test04,10,19.7993190289,0.0966320160257,0.0567050545287,0.9,0.1,18.4,0.113565334925,0.702035805202,0.48261157123
95,JohnPiper_train22,10,17.7732508183,0.100939426923,0.0385742924304,1.0,0.0,21.7,0.154274166026,0.694196852904,0.541136429764
96,Shepherd_train06,10,22.1227898598,0.0983456353763,0.0575305059297,1.0,0.0,14.7,0.0562307428026,0.589984885246,0.487008934138
97,Shepherd_train35,10,22.9033329487,0.100300870945,0.0547610282106,1.0,0.0,13.7,0.0532249027011,0.575701218809,0.361411830478
98,DorothyDay_train34,10,13.6199758053,0.089580373316,0.0318812665931,1.0,0.0,15.4,0.172288511087,0.751942857749,0.449439796452
99,Shepherd_train24,10,22.7339708805,0.104351155342,0.0496942219497,1.0,0.0,18.7,0.0689927234484,0.653335866536,0.492728761562
100,DorothyDay_train03,10,16.5653691292,0.0872374226203,0.0360403947345,1.0,0.0,16.9,0.157742654712,0.707626305708,0.505897292338
101,Unitarian_train14,10,31.1973979473,0.103293005811,0.0469188250027,1.0,0.0,27.9,0.119073404123,0.715458731614,0.37367025771
102,MehrBaba_test02,10,20.7704079151,0.114188555917,0.0458615572793,1.0,0.0,25.3,0.202797646894,0.782698739949,0.349929783304
103,NaumanKhan_train00,10,39.631934166,0.0844891071491,0.0324845226475,1.0,0.0,35.9,0.104465166152,0.657536633778,0.29110331327
104,JohnPiper_train25,10,18.1546800137,0.0988622960484,0.0621082587836,0.8,0.2,16.5,0.0979571612912,0.72922235111,0.666021324253
105,Shepherd_train50,9,20.065871954,0.102874505056,0.0537986888439,1.0,0.0,18.3333333333,0.0736919365193,0.612952947367,0.330244407749
106,WBC_train07,10,34.9049670696,0.0847973090108,0.0730452610362,0.7,0.3,44.3,0.209351234299,0.74645585642,0.478652581117
107,DorothyDay_train50,10,24.6045382023,0.0890290515687,0.0371830993841,1.0,0.0,24.8,0.158401693864,0.740967010009,0.584005933036
108,Shepherd_train49,10,19.7787399292,0.0961571999535,0.0542442437621,1.0,0.0,17.4,0.0963436661318,0.611572161267,0.489418891365
109,JohnPiper_train07,10,17.9903318882,0.0967485382791,0.0517408264878,0.9,0.1,18.9,0.127717060626,0.749359532959,0.611342897743
110,Shepherd_test16,10,21.6855158806,0.0950482619421,0.0500537767614,1.0,0.0,13.0,0.0570402600954,0.619038180333,0.359695586787
111,WBC_test00,10,21.4784300327,0.0865554711207,0.0787510205217,0.6,0.4,22.3,0.159481687842,0.705074772472,0.536965712533
112,Shepherd_test03,10,22.0298650265,0.0978925489705,0.0593275845816,1.0,0.0,15.2,0.0690649001676,0.58682729968,0.37501214668
113,JohnPiper_test07,10,18.990238905,0.0981803484973,0.0522450845626,1.0,0.0,20.3,0.127596744783,0.722171810623,0.527594205911
114,DorothyDay_test21,10,21.8941869736,0.0906016316313,0.0353873142839,1.0,0.0,24.4,0.1892067715,0.793492558358,0.646155874821
115,DorothyDay_test01,10,13.3508398533,0.089171706821,0.0347380523015,1.0,0.0,15.2,0.197197320313,0.740003371803,0.55376581513
116,MehrBaba_train14,10,14.6828379631,0.103351185133,0.0402449167961,0.9,0.1,15.1,0.237685512249,0.745194227407,0.468224431366
117,DorothyDay_test14,10,18.9020159245,0.0857005815472,0.0321319876745,1.0,0.0,20.1,0.18629020119,0.773410579868,0.402447269055
118,WBC_train09,10,21.7236530781,0.0775301852983,0.0725839364021,0.5,0.5,24.7,0.191491224093,0.752286524816,0.51971080985
119,MehrBaba_train18,5,5.01895689964,0.125922021178,0.050823434482,1.0,0.0,11.8,0.205565837715,0.756176501417,0.486476107058
120,Unitarian_train02,10,31.8801009655,0.100803239087,0.0420330627317,1.0,0.0,27.0,0.114661055642,0.682535960116,0.300680155819
121,Shepherd_train23,10,19.9102449417,0.0931445122502,0.0588390177526,1.0,0.0,14.2,0.06070342491,0.634081300226,0.412367526474
122,Rabbinic_train08,10,17.2209990025,0.0940175278867,0.0362491077154,1.0,0.0,22.4,0.251971638896,0.750793798955,0.334882167021
123,JohnPiper_train32,10,20.9793350697,0.102657458242,0.0533105056311,0.9,0.1,22.1,0.131268158661,0.669941239923,0.375248460206
124,Shepherd_train40,10,20.2678649426,0.100986609903,0.0628975089167,1.0,0.0,14.7,0.0688299399555,0.584950297883,0.385390075937
125,JohnPiper_train00,10,18.2254068851,0.0939027071965,0.0553254735232,0.9,0.1,21.4,0.153277219501,0.769911495501,0.411952591552
126,Shepherd_test19,10,20.9449510574,0.0954565192774,0.063623819195,1.0,0.0,13.0,0.0543437688259,0.637659988623,0.277806921991
127,WBC_train23,10,23.224727869,0.0750703695003,0.0793805170687,0.6,0.4,26.8,0.192365045976,0.7855234192,0.540381696909
128,Shepherd_test08,10,20.5766189098,0.0989363672911,0.055952381295,0.9,0.1,15.2,0.0736596346664,0.66014455608,0.44719846942
129,JohnPiper_train14,10,18.2809910774,0.0997891252616,0.0567019844946,1.0,0.0,22.6,0.158532181728,0.774831620053,0.557751599742
130,JohnPiper_train20,10,20.3713779449,0.107069173365,0.0474499205886,1.0,0.0,20.3,0.128818500115,0.702735110704,0.628972512181
131,Shepherd_train17,10,22.864962101,0.102671415343,0.0629044827263,1.0,0.0,20.2,0.0889029955858,0.615083780839,0.379156035092
132,DorothyDay_train38,10,14.5874328613,0.0942441667324,0.0372641036307,1.0,0.0,15.7,0.174712376413,0.796967352108,0.461058194503
133,JohnPiper_train35,10,20.6410439014,0.0957646902797,0.0568300530131,1.0,0.0,23.6,0.144709378933,0.726059865139,0.210006107925
134,DorothyDay_test18,10,17.0332701206,0.0837706365434,0.0428884857521,1.0,0.0,17.6,0.169473116751,0.780620394708,0.586978061892
135,PastorAnderson_test04,10,87.1425988674,0.0846132447608,0.0422662424586,1.0,0.0,61.5,0.0558899480781,0.679136712312,0.416123394584
136,JohnPiper_train09,10,17.1029140949,0.105602327378,0.0504623562381,1.0,0.0,16.8,0.113670800147,0.74381398081,0.353357612875
137,DorothyDay_train49,10,13.080532074,0.0893242464338,0.0410546732056,1.0,0.0,14.0,0.19448684937,0.735260818333,0.43294860428
138,MehrBaba_train17,10,11.8850929737,0.122459381459,0.0460486843838,0.9,0.1,16.6,0.233660919036,0.788353604567,0.65079143548
139,JohnPiper_test11,10,18.8310368061,0.102631126686,0.0439504761896,0.9,0.1,22.0,0.145551011861,0.714032260141,0.480136377301
140,WBC_test12,6,10.4008300304,0.0832430296643,0.0587878493873,0.666666666667,0.333333333333,16.3333333333,0.169845298003,0.75931764411,0.54954766842
141,MehrBaba_train01,10,7.8770699501,0.118088209846,0.0446904683324,1.0,0.0,9.7,0.232111149691,0.766485842621,0.341698448073
142,PastorAnderson_train06,10,78.3102211952,0.085785958415,0.0488844108565,1.0,0.0,66.5,0.0841471100079,0.670002181936,0.474664791428
143,Unitarian_test03,10,34.5118179321,0.100036845118,0.0502384248441,1.0,0.0,27.0,0.108721997316,0.708883224715,0.353655581499
144,DorothyDay_train24,10,17.1762678623,0.0959125812187,0.0388515096749,1.0,0.0,17.3,0.153906039609,0.749185122514,0.547318152378
145,DorothyDay_train31,10,18.8290598392,0.0954580642963,0.0404300940376,1.0,0.0,19.7,0.177153567197,0.811909251607,0.331900971512
146,DorothyDay_train06,10,19.0970079899,0.0876827234106,0.0417018861176,1.0,0.0,20.6,0.186957049056,0.726631030968,0.432505694441
147,DorothyDay_train17,10,14.4465169907,0.0887419058103,0.0379437335618,1.0,0.0,14.7,0.164997007695,0.739110652125,0.47956096745
148,DorothyDay_train40,10,15.1046328545,0.0940443132,0.0406638582871,1.0,0.0,15.1,0.187921361568,0.724741865793,0.582400933394
149,WBC_train26,10,25.4011929035,0.0893777617102,0.0783349575828,0.6,0.4,32.5,0.186813601072,0.724028431703,0.457219143518
150,WBC_train21,10,21.6291558743,0.0891314473506,0.0796117249843,0.6,0.4,29.0,0.212120392861,0.766854877317,0.497864889488
151,WBC_test05,10,20.3141241074,0.0803888052703,0.0815151322037,0.4,0.6,23.0,0.171732212358,0.728607996444,0.671444267054
152,PastorAnderson_train10,10,73.8811941147,0.0851853299192,0.0546793690274,0.9,0.1,60.1,0.0914528790066,0.717977987455,0.381374632695
153,MehrBaba_train13,10,13.2718400955,0.125131665081,0.0449054120387,1.0,0.0,18.1,0.231616612588,0.8151087447,0.521335463289
154,JohnPiper_train12,10,18.7963159084,0.0991994215691,0.044631672601,1.0,0.0,18.9,0.121723938176,0.742378958052,0.346996798223
155,Shepherd_train04,10,21.6157951355,0.104938986165,0.0547383718571,1.0,0.0,20.1,0.094995438317,0.627988419202,0.437522632385
156,Shepherd_train33,10,23.9775409698,0.100306013511,0.0661568533845,0.9,0.1,19.1,0.0634389501209,0.602811110497,0.36356126293
157,Shepherd_train26,10,21.7727620602,0.0983477222306,0.0639540079299,0.8,0.2,15.9,0.0605154920926,0.599327121341,0.42368721152
158,DorothyDay_train01,10,16.9821941853,0.0871055742529,0.0455918474976,1.0,0.0,16.5,0.155876683438,0.767934787383,0.514546783095
159,Unitarian_train12,10,23.7890410423,0.106439814493,0.04033395457,1.0,0.0,20.6,0.106982629024,0.73606426057,0.523886460502
160,MehrBaba_test00,10,14.4414379597,0.117496756185,0.0443889813908,1.0,0.0,23.7,0.259744020325,0.814112364123,0.412933782121
161,Rabbinic_train05,10,16.0034379959,0.0930607172997,0.0348651103443,1.0,0.0,22.7,0.284501500406,0.688233616448,0.447130822122
162,DorothyDay_train52,10,12.3888750076,0.0814626666051,0.0393495955518,0.8,0.2,13.4,0.173172395756,0.77269328208,0.461305750587
163,Shepherd_train47,10,21.7002141476,0.094940502619,0.06017209779,0.9,0.1,19.2,0.0801247541373,0.610394197987,0.517333060509
164,JohnPiper_train05,10,19.7134809494,0.105434424088,0.0500981669263,1.0,0.0,20.4,0.13241847713,0.748244759113,0.562266876785
165,Shepherd_test14,10,22.2142679691,0.10384593573,0.0572454279161,1.0,0.0,14.8,0.0482704582377,0.61177980749,0.327202477225
166,WBC_test02,10,20.7653579712,0.0822058445786,0.073049075437,0.5,0.5,25.2,0.191788336397,0.749486695842,0.658299294655
167,Shepherd_test05,10,23.7355589867,0.095682878414,0.0620975939023,0.9,0.1,17.1,0.0686275766673,0.581734603807,0.615945566224
168,JohnPiper_test01,10,18.1465349197,0.0966577964502,0.0601931035718,0.9,0.1,18.9,0.133639759284,0.696576015895,0.453672322853
169,DorothyDay_test03,10,13.1502158642,0.0963484727468,0.0328642469839,1.0,0.0,13.4,0.167777611133,0.765754049363,0.657932109752
170,DorothyDay_test12,10,15.3430418968,0.0874825996535,0.0397772285851,1.0,0.0,15.5,0.155521536034,0.756599975175,0.426951002021
171,Rabbinic_test01,10,16.4379920959,0.0951452534981,0.0390686414724,1.0,0.0,22.2,0.271110401168,0.778686630307,0.434380597714
172,NaumanKhan_train01,10,30.7290818691,0.0830989367215,0.0430381360854,0.9,0.1,37.2,0.187049899854,0.708599338903,0.20767763264
173,Unitarian_train04,10,29.5627920628,0.0984079958908,0.0387419934629,1.0,0.0,23.1,0.111172191627,0.70594278421,0.317778914604
174,DorothyDay_train28,10,16.344534874,0.081464919626,0.0409662211233,1.0,0.0,15.9,0.156617826623,0.829941742927,0.565646997105
175,JohnPiper_train30,10,17.2255971432,0.102343968536,0.0420113359795,1.0,0.0,17.2,0.136010927118,0.76620835731,0.415139784782
176,WBC_train10,10,21.4939789772,0.0815308303763,0.0718309880909,0.8,0.2,25.0,0.214600528492,0.739243468999,0.632599737796
177,JohnPiper_test16,10,19.9068908691,0.109268216437,0.0494901056908,1.0,0.0,16.2,0.102210467401,0.796023110144,0.499402183383
178,DorothyDay_test08,10,11.9068210125,0.0874242118848,0.0382997398099,1.0,0.0,12.0,0.165924741383,0.792885783631,0.549051478853
179,Shepherd_train11,10,22.4942419529,0.0944127160488,0.0555781846266,1.0,0.0,18.1,0.0717843785643,0.604447032788,0.430357956213
180,JohnPiper_train10,10,20.5289800167,0.0914988078624,0.0522261350895,1.0,0.0,21.0,0.135128298371,0.71582586955,0.549874882225
181,Shepherd_train08,10,21.6736040115,0.095094095073,0.0522477374176,1.0,0.0,15.4,0.0601187414772,0.599215302531,0.335208221095
182,WBC_train29,3,8.28253102303,0.0967613884615,0.0584159703125,1.0,0.0,32.3333333333,0.199658692898,0.699218376603,0.472752729858
183,PastorAnderson_test02,10,69.9834070206,0.0835368667571,0.0440631701661,1.0,0.0,52.7,0.0693461157883,0.708881507288,0.547818589516
184,DorothyDay_train10,10,14.3529620171,0.0876068495875,0.0385605612534,1.0,0.0,14.3,0.163023227558,0.775097000063,0.466033518963
185,WBC_train03,10,25.8185689449,0.0870955013799,0.0767211853414,0.6,0.4,33.5,0.210017050104,0.718397871765,0.319952914716
186,WBC_test10,10,21.6633629799,0.0888409244675,0.0802806158827,0.5,0.5,25.5,0.185287574541,0.728337615346,0.384660518832
187,MehrBaba_train03,10,15.8349080086,0.109091464519,0.0506529252624,1.0,0.0,16.9,0.206720285678,0.764824692126,0.453889591201
188,PastorAnderson_train00,10,86.2237520218,0.0779599514588,0.0453605087327,1.0,0.0,58.1,0.0603528540629,0.671346343485,0.504143858478
189,Unitarian_test01,10,25.5621500015,0.101428644765,0.0458434315675,1.0,0.0,23.4,0.107555653542,0.692042955668,0.47021632118
190,Shepherd_train03,10,22.5508458614,0.101358223652,0.0546851406029,0.9,0.1,16.9,0.0605503288394,0.658905669748,0.440129064398
191,DorothyDay_train26,10,15.8219461441,0.093229370415,0.0422677242646,1.0,0.0,16.5,0.170184148952,0.7783652972,0.453191190156
192,Shepherd_train38,10,23.6915228367,0.093472565904,0.0518526240076,1.0,0.0,17.7,0.0621781928768,0.626660286302,0.263390819527
193,DorothyDay_train37,10,13.5558230877,0.0870382774201,0.0381531154219,1.0,0.0,15.9,0.181336668834,0.740343670148,0.379446314884
194,Unitarian_train08,10,23.1898169518,0.0967734842997,0.0587825978227,0.9,0.1,18.5,0.119182385851,0.728150847919,0.316034661733
195,Shepherd_train29,10,20.641887188,0.0925698797548,0.052766558572,1.0,0.0,16.2,0.0622264248547,0.622721463958,0.425636747658
196,DorothyDay_train04,10,13.5577578545,0.0912156687463,0.0382417304514,1.0,0.0,12.7,0.148881989044,0.69960824936,0.54063554454
197,MehrBaba_test07,10,13.0179040432,0.122748715657,0.038186213356,1.0,0.0,20.2,0.266368897939,0.739319185618,0.533028053005
198,DorothyDay_train44,10,20.1837720871,0.0880999189189,0.037804837408,1.0,0.0,18.6,0.163091001221,0.737321515543,0.550766136409
199,DorothyDay_train19,10,16.8991792202,0.0919496976707,0.0443028400953,1.0,0.0,18.8,0.195904626811,0.775689791833,0.483908059598
200,DorothyDay_train46,10,13.1227889061,0.0940728672679,0.0358350937898,1.0,0.0,13.7,0.159211121002,0.74670739286,0.471148961652
201,Rabbinic_train02,10,15.5290498734,0.0906989604683,0.0455913489314,1.0,0.0,20.3,0.252025986016,0.718596532038,0.450836291593
202,Shepherd_test13,10,24.083231926,0.0936673014893,0.0538134675633,1.0,0.0,16.2,0.0722434627926,0.587199797472,0.501909895306
203,WBC_test07,10,26.6200711727,0.085669655977,0.0769163399958,0.6,0.4,34.4,0.227774290709,0.694991430677,0.479391122159
204,JohnPiper_test04,10,21.4151661396,0.108797108869,0.0514661044841,1.0,0.0,21.7,0.137705464944,0.676718119498,0.505720765981
205,MehrBaba_train08,10,12.1693019867,0.111475484385,0.0365309483825,1.0,0.0,16.5,0.256896968665,0.704543681112,0.538115611381
206,DorothyDay_test04,10,14.2678210735,0.0914962693286,0.0428151702886,1.0,0.0,13.0,0.124630133187,0.731511082855,0.443352409438
207,MehrBaba_train11,10,21.6255548,0.102738069388,0.0457598988774,1.0,0.0,24.1,0.208884064879,0.779491819663,0.353121594577
208,Unitarian_test08,3,9.6026558876,0.0992692299951,0.0455822205737,1.0,0.0,24.6666666667,0.0984762888136,0.704411174809,0.497842666398
209,Shepherd_train31,10,21.9318211079,0.0943228450497,0.0589155438854,0.9,0.1,17.1,0.0637728587447,0.563848346688,0.376429693044
210,Unitarian_train01,10,31.2775700092,0.102558999476,0.0435687083725,1.0,0.0,29.0,0.130729301489,0.718237081305,0.340993712314
211,Shepherd_train20,10,21.8912169933,0.0962240293642,0.0518006984736,1.0,0.0,17.0,0.0809587049322,0.637032292931,0.461395352542
212,Unitarian_train10,10,21.162749052,0.104804875717,0.055726964543,1.0,0.0,20.3,0.139345076296,0.703631376323,0.36881249727
213,JohnPiper_train29,10,17.955302,0.093280591962,0.0530834426752,1.0,0.0,15.2,0.0967624318308,0.717232988764,0.49112027144
214,Shepherd_train45,10,22.3890349865,0.0978573847512,0.0583000716063,0.9,0.1,14.2,0.0620417251365,0.641134301592,0.446787144484
215,JohnPiper_train03,10,20.120882988,0.0973721217621,0.0549728738812,1.0,0.0,21.0,0.133488710894,0.709370097859,0.387344453608
216,Shepherd_test07,10,23.0541160107,0.0982333960646,0.0469465644571,1.0,0.0,16.0,0.0515181400475,0.594076698472,0.401257499901
217,JohnPiper_test03,10,17.0983581543,0.0994605745381,0.048972681039,0.9,0.1,17.6,0.12953876821,0.745366800199,0.472251082858
218,DorothyDay_test10,10,12.1859090328,0.0948050773733,0.0395556269518,1.0,0.0,12.3,0.16821286708,0.757118416804,0.446506217035
219,Rabbinic_test03,10,15.542276144,0.0980721509777,0.0393774126652,1.0,0.0,20.6,0.257808050616,0.722817820785,0.27150258189
220,Unitarian_train06,10,31.3742570877,0.106636405258,0.0479353042947,1.0,0.0,27.8,0.120213466701,0.717038734325,0.428512498652
221,JohnPiper_train36,10,20.0814528465,0.091063742395,0.0551403819857,0.9,0.1,22.0,0.144201734759,0.709949984469,0.321429894931
222,WBC_train12,10,29.8447711468,0.0874985384679,0.0714283549304,0.6,0.4,37.8,0.176405401108,0.773611249666,0.530976554067
223,WBC_train06,10,19.996106863,0.0737369387623,0.0805088790718,0.3,0.7,21.6,0.173137657368,0.718613792159,0.396021014634
224,NaumanKhan_train02,10,41.3989911079,0.0880494709679,0.0325241268305,1.0,0.0,33.3,0.0933794670845,0.734973468264,0.346697629204
225,JohnPiper_test14,10,19.3812508583,0.106720316056,0.0429392786659,1.0,0.0,21.2,0.129845134351,0.704416795593,0.343600536966
226,JohnPiper_train27,10,19.330835104,0.104838101348,0.0524089515884,0.9,0.1,21.2,0.145520107485,0.700544911639,0.436404003759
227,MehrBaba_train04,10,13.958137989,0.108332855546,0.0452721289805,1.0,0.0,20.4,0.256989253857,0.764013438924,0.575046290549
228,NaumanKhan_test00,10,37.8600440025,0.0863880818982,0.0354341900665,1.0,0.0,30.4,0.171490522251,0.68614819558,0.297057834741
229,Shepherd_train13,10,21.9597659111,0.0968573314352,0.055875576474,1.0,0.0,19.5,0.0733421148229,0.584666430347,0.465282475485
230,DorothyDay_train21,10,11.7340159416,0.0846400672404,0.042648756313,1.0,0.0,12.3,0.170488773438,0.753565321835,0.559101964473
231,WBC_train16,10,19.0651268959,0.0727867293832,0.0783780566145,0.3,0.7,21.9,0.193911980695,0.706194085193,0.3179715865
232,JohnPiper_train39,10,18.9069139957,0.0890050933184,0.0448615301224,1.0,0.0,21.7,0.137904135175,0.735101768706,0.512590214884
233,PastorAnderson_test00,10,77.6487810612,0.0822936002057,0.0544504401262,0.9,0.1,52.1,0.0636207392589,0.722395002137,0.467382840723
234,JohnPiper_train40,5,9.66949605942,0.0935991199044,0.0471529959759,1.0,0.0,18.0,0.122648755068,0.7385682554,0.618784798148
235,WBC_train01,10,24.3892049789,0.0828404658472,0.082936140433,0.6,0.4,31.5,0.198531255816,0.71472250212,0.568578703241
236,Shepherd_test21,9,19.415402174,0.103940226342,0.0582124768306,1.0,0.0,19.3333333333,0.0881314931794,0.597121147412,0.384994803405
237,NaumanKhan_test01,10,36.0673410892,0.0837153318495,0.0342928003398,1.0,0.0,32.3,0.123174884936,0.676617470808,0.480514360452
238,PastorAnderson_train13,10,78.0278890133,0.087847894864,0.0435504640978,1.0,0.0,55.3,0.059059941739,0.681656194093,0.462517011552
239,PastorAnderson_train02,10,83.2715749741,0.0870581803258,0.0457981202441,1.0,0.0,73.8,0.0864424688425,0.711795445423,0.498105125491
240,Unitarian_test07,10,27.974200964,0.108007385888,0.0449265030297,0.9,0.1,23.1,0.106383410869,0.719647580621,0.421989588459
241,Shepherd_train18,10,24.5604348183,0.0996112223573,0.0589631503906,1.0,0.0,17.3,0.0524357780327,0.609403702493,0.344903401773
242,Shepherd_train01,10,21.0674071312,0.0964038038019,0.0636485952557,0.8,0.2,17.9,0.077860188558,0.651113106728,0.344442402983
243,Shepherd_train36,10,20.4275979996,0.0948908484167,0.064175485013,1.0,0.0,16.3,0.070026821621,0.602266323175,0.344510913661
244,DorothyDay_train35,10,16.7293190956,0.0841990998773,0.0379501121916,1.0,0.0,15.8,0.145237338205,0.75174220782,0.516745461942
245,DorothyDay_train02,10,17.4860949516,0.0851520609852,0.0392226766999,1.0,0.0,16.7,0.161622945896,0.726319985247,0.259532017324
246,Unitarian_train17,10,30.6348600388,0.101685265112,0.046731994262,1.0,0.0,25.6,0.108319116794,0.677080569583,0.502579274495
247,MehrBaba_test05,10,14.519329071,0.0970114408153,0.0552447859346,1.0,0.0,19.4,0.251536106315,0.780839550695,0.466330453853
248,DorothyDay_train12,10,11.2541189194,0.0922507430118,0.031081514102,1.0,0.0,10.8,0.147574860154,0.722129292884,0.48190334476
249,JohnPiper_train16,10,19.4251987934,0.100030428238,0.0479521114425,1.0,0.0,20.8,0.130075600717,0.722379052356,0.529360675275
250,Rabbinic_train00,10,14.6932201385,0.0930608598954,0.0275098641383,1.0,0.0,19.8,0.242934004831,0.716023507591,0.352255146178
251,DorothyDay_train51,10,18.6883420944,0.087681537533,0.0410315017449,1.0,0.0,18.6,0.138314139453,0.792804765351,0.330131513935
252,Shepherd_train48,10,23.5494701862,0.0937337858436,0.0617164849504,1.0,0.0,17.4,0.0633174809149,0.611642226973,0.441045312697
253,Shepherd_test11,10,21.902823925,0.0952025779084,0.0566816176151,0.9,0.1,16.6,0.069338655596,0.597630687734,0.684900924386
254,WBC_test01,10,23.692073822,0.0857089046486,0.072784008017,0.7,0.3,27.6,0.173123746551,0.75803598979,0.459036990595
255,Shepherd_test00,10,21.7850871086,0.0946799095364,0.0581165815677,0.9,0.1,17.7,0.0627813276706,0.617997958785,0.428195325554
256,JohnPiper_test06,10,18.0841219425,0.101253496991,0.0456360198,1.0,0.0,17.8,0.120365716855,0.804048338581,0.563771254708
257,PastorAnderson_train14,10,76.0703399181,0.0797114612272,0.0498303805077,0.9,0.1,59.6,0.0711651870674,0.734265867655,0.615977532729
258,DorothyDay_test22,10,18.8516860008,0.0879538583935,0.0375116467158,1.0,0.0,19.1,0.17484498782,0.76223730766,0.501735470851
259,DorothyDay_test06,10,13.6563220024,0.0873390215496,0.0405569504447,1.0,0.0,14.6,0.180499404443,0.705608685415,0.401653772822
260,PastorAnderson_train09,10,82.7506661415,0.0880137464894,0.0453530312661,1.0,0.0,61.5,0.0617376650232,0.671852600237,0.424184098899
261,DorothyDay_train45,10,11.2625100613,0.0892187613037,0.0404374036273,1.0,0.0,12.2,0.171209686065,0.83042083959,0.545694883814
262,DorothyDay_test17,10,16.1250507832,0.0892472669129,0.0410254338043,1.0,0.0,17.5,0.186527921974,0.754410141422,0.483333695379
263,Rabbinic_train07,10,16.4213790894,0.0986221387217,0.0333913880651,1.0,0.0,22.0,0.274607203697,0.73185221924,0.376442882493
264,Unitarian_train03,10,30.4332690239,0.107625781338,0.0382514742106,1.0,0.0,26.1,0.112741215196,0.696971997509,0.476442396119
265,Shepherd_train22,10,20.2852499485,0.0894432875728,0.0605560809888,0.9,0.1,15.6,0.0714699409748,0.61858457452,0.308166812532
266,Rabbinic_train09,10,17.4477031231,0.103302293816,0.0426744859827,1.0,0.0,21.3,0.23427895565,0.766186513503,0.450131464979
267,WBC_train04,10,22.876912117,0.0776694680718,0.0684338430276,0.7,0.3,23.5,0.162361259539,0.754482367555,0.386077859225
268,Shepherd_train43,10,21.004709959,0.0983821209896,0.0554336039674,1.0,0.0,16.6,0.0727095681603,0.622894815803,0.362583137254
269,JohnPiper_train01,10,18.7472660542,0.101460364193,0.0519868993609,0.9,0.1,20.7,0.135052495494,0.700634388362,0.308111866647
270,Shepherd_test18,10,21.4957609177,0.0936733516403,0.0560588052375,0.9,0.1,16.4,0.0744597927382,0.621569319547,0.417223248624
271,Shepherd_test09,10,24.9121229649,0.0902900913816,0.0640812021118,0.8,0.2,21.3,0.0767637610164,0.598258490897,0.33449369307
272,WBC_train19,10,22.9499740601,0.0864631318216,0.0730327894043,0.7,0.3,26.5,0.181090853998,0.66364414862,0.504061442446
273,Shepherd_train14,10,21.8486819267,0.0906578881836,0.0584857608804,0.8,0.2,16.8,0.0621941424426,0.601120214614,0.441075090137
274,Unitarian_train19,3,6.24595189095,0.105258289518,0.061162513977,0.666666666667,0.333333333333,20.6666666667,0.136850475543,0.687594744642,0.373602087071
275,DorothyDay_train39,10,13.3639431,0.0899621121078,0.038628810271,1.0,0.0,12.2,0.140211180207,0.742841289257,0.55317092108
276,JohnPiper_train34,10,18.4554231167,0.0944446272913,0.0567970160157,0.9,0.1,20.1,0.136371490701,0.709145828161,0.483179978254
277,PastorAnderson_test05,10,75.6599938869,0.0883913034371,0.0457934282273,1.0,0.0,64.2,0.0849936703125,0.694320622299,0.512264375263
278,WBC_train14,10,20.5606470108,0.0854740599025,0.0764557039123,0.7,0.3,24.4,0.186659043363,0.722985606305,0.411906595071
279,DorothyDay_train48,10,20.6304838657,0.0868740637321,0.0384645441251,1.0,0.0,20.8,0.172960997554,0.768937651359,0.491112759969
280,WBC_train24,10,26.270305872,0.10350839055,0.0645772734843,0.9,0.1,34.1,0.205737087291,0.722951566893,0.528829273442
281,JohnPiper_test12,10,18.9990520477,0.104725578553,0.0559186266687,1.0,0.0,18.0,0.122517123072,0.724375695675,0.574862445365
282,DorothyDay_test19,10,14.7731859684,0.0906504312742,0.0341166740265,1.0,0.0,16.5,0.163573287943,0.79486626124,0.479388671917
283,MehrBaba_train06,10,12.324655056,0.124248024007,0.0484917713311,0.9,0.1,15.0,0.199389245692,0.769566184712,0.499366419681
284,PastorAnderson_train05,10,75.3386130333,0.0886912963959,0.0478457739228,1.0,0.0,69.1,0.0965307656465,0.711012680181,0.422767419636
285,DorothyDay_train47,10,11.9815850258,0.0867702135165,0.0366658164033,1.0,0.0,10.8,0.156114866153,0.715444060167,0.523379734495
286,Unitarian_test02,10,34.5484650135,0.0928404139717,0.0512363667725,1.0,0.0,26.2,0.0991299394186,0.644298567526,0.467733131902
287,Rabbinic_train01,10,13.7761909962,0.0967843124275,0.0409137089201,0.9,0.1,18.7,0.264667945337,0.699855055717,0.596850578503
288,DorothyDay_train23,10,20.5287549496,0.0834992413926,0.044995625516,1.0,0.0,21.5,0.166351866412,0.774219358937,0.508715061898
289,DorothyDay_train32,10,17.3736748695,0.0867188796995,0.0368577562468,1.0,0.0,18.3,0.195282593028,0.750289603551,0.554632662142
290,Rabbinic_train11,6,9.09408187866,0.0888459543731,0.0376157024252,1.0,0.0,20.1666666667,0.288684822904,0.748937249651,0.564234486139
291,DorothyDay_train09,10,12.6224720478,0.0914767839382,0.041538323442,1.0,0.0,14.0,0.191825174466,0.747994671479,0.434272508228
292,NaumanKhan_train03,10,41.255961895,0.07654450472,0.0345518654759,1.0,0.0,40.5,0.167671776831,0.660398346225,0.527730096489
293,DorothyDay_train14,10,12.7713861465,0.0905926020933,0.0325617231901,1.0,0.0,13.5,0.163791311236,0.771627693256,0.47335943265
294,DorothyDay_train43,10,18.9640130997,0.0919609536095,0.0363938590922,1.0,0.0,17.2,0.128996076138,0.81209687788,0.497513699198
295,JohnPiper_train18,10,19.5172801018,0.0943811775846,0.0399405443108,1.0,0.0,20.0,0.138557448025,0.749100996719,0.509623273556
296,JohnPiper_test09,10,20.1870880127,0.105738246321,0.0552781419685,1.0,0.0,19.8,0.119582404135,0.723788385089,0.264394504024
297,PastorAnderson_train11,10,76.7403450012,0.091180642201,0.0486202299096,1.0,0.0,57.3,0.0674670493749,0.692029992789,0.50170817637
298,MehrBaba_train12,10,13.7586119175,0.112303553938,0.0513801315753,1.0,0.0,13.6,0.165492267507,0.758513788892,0.44956364284
299,Unitarian_test05,10,22.5961129665,0.102287903021,0.0513130730865,1.0,0.0,21.1,0.13903136223,0.738555747058,0.354069079585
300,Shepherd_train07,10,21.8759460449,0.0902855109845,0.0583692326184,1.0,0.0,13.5,0.048452978918,0.619123066795,0.395174307306
301,Shepherd_train34,10,22.3083639145,0.101495608755,0.0593430735963,1.0,0.0,16.7,0.065906377295,0.601482181026,0.347397858706
302,Shepherd_train25,10,20.9595658779,0.0938531223116,0.0620852115365,0.9,0.1,14.8,0.0573838578778,0.601555932868,0.435563526258
303,DorothyDay_train00,10,15.9107542038,0.0906434517282,0.0445173528908,1.0,0.0,17.6,0.196608256898,0.758725600821,0.514103532666
304,Unitarian_train15,10,31.9135379791,0.104148753105,0.0506845202101,1.0,0.0,27.7,0.105745262119,0.692359296167,0.229987489518
305,MehrBaba_test03,10,16.0369720459,0.105970279717,0.0376744045969,1.0,0.0,20.3,0.2198837915,0.763956961889,0.658708424079
306,JohnPiper_train24,10,18.2290449142,0.105566223541,0.0435335721272,1.0,0.0,19.2,0.127423202773,0.77633795383,0.432055121943
307,DorothyDay_train53,10,19.0652270317,0.0914930033868,0.0410950898692,1.0,0.0,19.2,0.156129588271,0.765641900898,0.514321503545
308,Shepherd_train46,10,19.7510788441,0.0957592551949,0.0599332611541,0.8,0.2,15.8,0.0710435158288,0.634396954549,0.453479289552
309,WBC_train18,10,25.2447719574,0.0815897181416,0.08472126507,0.3,0.7,31.6,0.191212018821,0.708809985419,0.565539671245
310,Shepherd_test17,10,19.1499109268,0.0940491295392,0.0502254050212,1.0,0.0,17.8,0.0994964783544,0.64469531461,0.556179389155
311,WBC_train22,10,24.9341061115,0.0792164096054,0.0793318444539,0.4,0.6,28.4,0.197723248048,0.720357675835,0.57228876474
312,WBC_test03,10,23.5013790131,0.0895019385868,0.074677652866,0.5,0.5,27.8,0.191817355676,0.754669384046,0.49354167176
313,Shepherd_test02,10,20.7993769646,0.103905264884,0.0593055784748,1.0,0.0,15.3,0.0557382119449,0.605823023552,0.361598177318
314,JohnPiper_test00,10,21.0386910439,0.0953289519771,0.0449141666043,1.0,0.0,20.2,0.124143467016,0.741546429747,0.613088298643
315,DorothyDay_test20,10,14.2151720524,0.104228961496,0.0450765313435,1.0,0.0,15.9,0.156114882934,0.804163373937,0.452219873186
316,DorothyDay_test00,10,14.8257110119,0.0916511035889,0.0363889855834,1.0,0.0,15.1,0.155414649679,0.752601852401,0.467780557548
317,MehrBaba_train15,10,15.2043068409,0.110791344068,0.0420077562793,1.0,0.0,20.4,0.252304395269,0.727725153448,0.405368537797
318,DorothyDay_test15,10,12.0119800568,0.0978449950116,0.0399336039666,1.0,0.0,15.5,0.211829343102,0.762428460959,0.528254009545
319,Rabbinic_test00,10,17.8162078857,0.0895626582546,0.0396619655414,1.0,0.0,24.7,0.268616859628,0.767089000927,0.534013798877
320,JohnPiper_train13,10,19.5263769627,0.0945580500935,0.0437031732266,1.0,0.0,18.8,0.125144537436,0.701419299789,0.607363869737
321,JohnPiper_train21,10,18.0769121647,0.103423382812,0.0620019001979,1.0,0.0,19.2,0.12982590152,0.695221099733,0.477028035323
322,Unitarian_train05,10,31.5559470654,0.104452083978,0.0432404223055,1.0,0.0,26.1,0.125650159106,0.69817013658,0.388805908713
323,JohnPiper_train33,10,19.9330101013,0.102166340404,0.0369544954197,0.9,0.1,18.4,0.111117776063,0.762492345845,0.316711020854
324,Shepherd_train41,10,24.7787358761,0.0938820738992,0.0667237730362,1.0,0.0,17.1,0.0627755169033,0.620084115041,0.39815147545
325,WBC_train11,10,22.6129508018,0.0771111327257,0.079078505325,0.5,0.5,29.4,0.214532905898,0.702555392869,0.469443738631
326,PastorAnderson_train08,10,73.6658880711,0.086363243331,0.0567302414055,0.9,0.1,62.4,0.0837913511533,0.677918625675,0.449405104612
327,JohnPiper_test17,4,7.99542593956,0.0894779481838,0.0399811367526,1.0,0.0,20.75,0.142612278132,0.734469761113,0.375200306256
328,DorothyDay_test09,10,13.6446809769,0.0947407463303,0.0366780133754,1.0,0.0,14.7,0.169970678683,0.790941883738,0.482976299537
329,Shepherd_train16,10,20.7312550545,0.0961853151561,0.0548453938221,0.9,0.1,16.3,0.0725404757039,0.612685684798,0.372990454384
330,WBC_train28,10,24.5248179436,0.0897613440552,0.0747694230135,0.7,0.3,29.1,0.214451324807,0.701487551842,0.360300175321
331,PastorAnderson_test03,10,68.5019638538,0.079317399282,0.0521417158874,1.0,0.0,58.2,0.0893116791138,0.700868786485,0.571058431724
332,DorothyDay_train11,10,9.20195293427,0.0821920623791,0.0444798752618,0.8,0.2,10.9,0.20652510598,0.774571272749,0.662183060052
333,JohnPiper_train08,10,17.7919740677,0.0978472286333,0.0573171891356,1.0,0.0,17.7,0.124942288652,0.75026678449,0.386181629142
334,WBC_train02,10,24.4262039661,0.0845193712098,0.0698497192211,0.6,0.4,28.6,0.177296129441,0.693634193894,0.587800515185
335,JohnPiper_train17,10,20.2635960579,0.0935309147836,0.0440196703799,0.9,0.1,20.7,0.127749160192,0.762400003058,0.543148410836
336,JohnPiper_test10,10,16.4124000072,0.106872745749,0.0511216411475,1.0,0.0,14.2,0.105358904515,0.687784539341,0.479909633689
337,WBC_train20,10,25.2922549248,0.0788360114081,0.0792286340386,0.5,0.5,31.8,0.210832657477,0.714342510764,0.542736673656
338,MehrBaba_train00,10,14.8536221981,0.106940128226,0.0547061573755,1.0,0.0,17.1,0.222885581363,0.71634678842,0.374207236753
339,PastorAnderson_train07,10,78.8678910732,0.0849574973055,0.055137480475,0.9,0.1,70.9,0.101576965422,0.658647978243,0.372219277593
340,Unitarian_test00,10,27.681607008,0.0974040070344,0.0506229106698,1.0,0.0,26.0,0.126125545644,0.667035861378,0.390805060779
341,JohnPiper_train11,10,16.8175468445,0.105184032523,0.0537003414021,1.0,0.0,17.2,0.113261341094,0.75295846651,0.537555077223
342,Shepherd_train02,10,22.1861319542,0.104241724081,0.0583586774498,0.9,0.1,15.9,0.0622407825039,0.630046967147,0.469069115313
343,DorothyDay_train25,10,18.3659000397,0.0887874630115,0.0327917783794,1.0,0.0,19.0,0.153856191744,0.764542163465,0.531337945494
344,Shepherd_train39,10,22.3399457932,0.103679426671,0.0543672495755,1.0,0.0,18.9,0.0673575101019,0.665714060029,0.367523080386
345,DorothyDay_train30,10,18.0752110481,0.0881183107942,0.035778155356,1.0,0.0,17.7,0.164142556605,0.695416136363,0.595929403864
346,Unitarian_train09,10,26.0545790195,0.0926422351809,0.0633686936064,0.9,0.1,26.7,0.122706671641,0.668530794632,0.424871445393
347,Shepherd_train28,10,23.4641458988,0.0926059462139,0.0513662787418,1.0,0.0,14.5,0.05142099615,0.619979935645,0.448664777053
348,DorothyDay_train07,10,14.34739995,0.0857881422666,0.0352825539395,1.0,0.0,15.6,0.194483510309,0.762043263749,0.603357576969
349,MehrBaba_test06,10,11.8356239796,0.119691018207,0.0532525722822,1.0,0.0,13.0,0.189494624507,0.797357905879,0.189100382317
350,DorothyDay_train16,10,21.5168631077,0.0825301503299,0.0419852000764,1.0,0.0,22.4,0.167013807132,0.752749376843,0.386513403543
351,NaumanKhan_train04,10,23.2772901058,0.0894353387642,0.0351503415336,1.0,0.0,27.6,0.186324413279,0.693523807128,0.371985144703
352,Rabbinic_train03,10,15.5903410912,0.0928864274791,0.0410756037551,1.0,0.0,21.6,0.29798830681,0.733833366938,0.469088043327
353,DorothyDay_train54,1,2.92198514938,0.093210124548,0.0610687022901,1.0,0.0,18.0,0.116883116883,0.845295073645,0.532302066784
354,Shepherd_test12,10,22.642332077,0.0932424426496,0.0525947255776,1.0,0.0,17.6,0.0622063544452,0.626117730311,0.359284556301
355,WBC_test04,10,22.932404995,0.0760418500347,0.0733930529151,0.4,0.6,25.4,0.177977566745,0.741957573429,0.525697573375
356,MehrBaba_train09,10,16.9868149757,0.1047637174,0.0453171669072,1.0,0.0,25.1,0.2811880902,0.801223088418,0.458987622987
357,DorothyDay_test05,10,17.0653920174,0.0906157821284,0.0340686605859,1.0,0.0,16.6,0.147611221161,0.751228891929,0.49016973702
358,MehrBaba_train10,10,8.98843502998,0.109995471994,0.0545180553255,1.0,0.0,11.2,0.25209263815,0.765363443859,0.64861810991
