,groupId,files,timeRun,perPos,perNeg,perPosDoc,perNegDoc,judgementCount,judgementFrac,avgSD,avgEVC
0,Shepherd_train05,10,19.3508019447,0.0930067469369,0.0547849754465,0.9,0.1,14.0,0.0623782734299,0.677430792804,0.590538677425
1,Shepherd_train32,10,19.9330408573,0.0974902818384,0.0597094956146,0.9,0.1,16.5,0.0663989402474,0.732777574214,0.503943765967
2,Shepherd_train27,10,20.4680869579,0.0992836432856,0.0587516358028,1.0,0.0,17.6,0.0768831797698,0.633674255455,0.431814400629
3,Unitarian_train13,10,26.0102519989,0.0959549859599,0.0561488613441,0.9,0.1,21.2,0.0828226498178,0.753576154746,0.394325355708
4,MehrBaba_test01,10,10.0583620071,0.121648863134,0.035542541812,1.0,0.0,16.0,0.256671072244,0.80221034408,0.517619329835
5,JohnPiper_train26,10,20.7544851303,0.0954050530472,0.0454263774561,1.0,0.0,21.3,0.128947580213,0.797094669957,0.464145445733
6,Shepherd_train44,10,21.5816049576,0.0994684891802,0.0641089150578,0.9,0.1,19.3,0.08096278079,0.711335081243,0.554476668734
7,JohnPiper_train04,10,16.6651399136,0.0932753762549,0.0654059650142,0.8,0.2,21.4,0.147001755244,0.85813189345,0.542431085763
8,Shepherd_test15,10,20.1616580486,0.0958892656187,0.0623465882519,1.0,0.0,17.7,0.0721928999164,0.644116797752,0.349222500679
9,Shepherd_test04,10,18.6665589809,0.096842084375,0.0565204816524,0.9,0.1,17.3,0.0829883573648,0.744312887591,0.60907077819
10,JohnPiper_test02,10,19.5525679588,0.0979738661693,0.0510408187795,1.0,0.0,19.9,0.119214223404,0.740595745626,0.642945965561
11,DorothyDay_test02,10,10.4422559738,0.0915540862774,0.0432502750501,1.0,0.0,12.8,0.18156935638,0.819333744875,0.399172299232
12,DorothyDay_test13,10,11.2913529873,0.0922696396735,0.0342714987525,1.0,0.0,11.2,0.138066507048,0.772594302492,0.614778829966
13,Rabbinic_test02,10,14.0306448936,0.099468082627,0.0380955589511,1.0,0.0,21.0,0.26971655018,0.839167893253,0.51332439954
14,Unitarian_train07,10,29.886289835,0.100643676637,0.053771786772,1.0,0.0,29.3,0.11943966373,0.738726378831,0.55974038383
15,DorothyDay_train29,10,9.27181410789,0.0883468958665,0.0432201888307,1.0,0.0,9.2,0.133942950752,0.793179712777,0.376691847302
16,JohnPiper_train31,10,17.8886189461,0.101223694034,0.0624910189681,0.9,0.1,17.9,0.10669412851,0.797609544605,0.697689375218
17,WBC_train13,10,20.5396790504,0.0848928727834,0.0730392644203,0.6,0.4,30.8,0.213511531948,0.790010839556,0.626789565383
18,JohnPiper_test15,10,19.2467110157,0.089014067384,0.0594217802016,0.8,0.2,20.5,0.124823243435,0.792126548425,0.52642132094
19,MehrBaba_train05,10,14.0357298851,0.111861289662,0.0520730141421,1.0,0.0,20.8,0.255113920364,0.825358041265,0.445344353474
20,Shepherd_train10,10,18.3214378357,0.103544455233,0.0508144043183,1.0,0.0,17.6,0.0897746505651,0.70561376386,0.553892554715
21,Shepherd_train09,10,18.6948652267,0.104508333078,0.0534237965054,1.0,0.0,16.4,0.0779196802711,0.68036469698,0.37833417478
22,DorothyDay_train20,10,13.4500091076,0.0937165126135,0.0392160535608,1.0,0.0,15.1,0.16046654594,0.818764276387,0.561579136058
23,JohnPiper_train38,10,17.3368868828,0.095021731352,0.0431050967716,1.0,0.0,16.5,0.107146185139,0.806844417355,0.510041011774
24,PastorAnderson_test01,10,72.284457922,0.0882960608904,0.0527121136778,0.9,0.1,65.3,0.0921263843197,0.767827915595,0.545057015647
25,DorothyDay_train13,10,11.4499700069,0.0948663211597,0.041891735653,0.9,0.1,14.7,0.202142141311,0.812468902547,0.480926642351
26,WBC_train00,10,21.3050398827,0.0782945948037,0.0743943635119,0.7,0.3,26.0,0.17450145534,0.753323440778,0.705046374919
27,DorothyDay_train41,10,13.7221341133,0.0892286396574,0.0318532106835,1.0,0.0,14.6,0.149909812804,0.83026434849,0.530527737141
28,WBC_test11,10,19.9196190834,0.0715559859022,0.0705837099422,0.5,0.5,23.0,0.176149147129,0.796534044296,0.539328255949
29,WBC_test09,10,23.1367211342,0.0815043867377,0.0770671292217,0.6,0.4,32.7,0.207613473397,0.826100655903,0.622075512343
30,Rabbinic_train04,10,15.0620131493,0.0928257372417,0.0363379457515,1.0,0.0,22.0,0.254314299426,0.819680080773,0.720935661408
31,MehrBaba_train02,10,16.3691511154,0.111433919313,0.0466810990993,1.0,0.0,21.5,0.24097159314,0.750816799765,0.63074868521
32,NaumanKhan_test01,10,29.752286911,0.0875562955993,0.0372825610455,1.0,0.0,33.6,0.124304140567,0.791948135814,0.578584539451
33,PastorAnderson_train01,10,65.5508930683,0.0819492609727,0.0575236387426,0.9,0.1,67.3,0.104193843918,0.760558576576,0.528014745865
34,Unitarian_test06,10,30.7164020538,0.103241625191,0.0442215959934,1.0,0.0,30.6,0.1261986442,0.776152355286,0.526204353242
35,Shepherd_train19,10,20.68856287,0.0904250742194,0.0591271867164,0.8,0.2,16.0,0.0633509383757,0.681487014503,0.594211893397
36,Shepherd_train00,10,19.8543410301,0.0968547583482,0.058485285516,1.0,0.0,13.9,0.057560544111,0.668038015994,0.538584746144
37,DorothyDay_train27,10,15.9378089905,0.099420939914,0.0386545503696,1.0,0.0,18.3,0.178308328083,0.823411291733,0.528263139078
38,Shepherd_train37,10,19.2819559574,0.0927053508895,0.0559861229938,1.0,0.0,17.0,0.0822018405555,0.706779921473,0.572291127162
39,DorothyDay_train36,10,15.3738529682,0.0954754142653,0.0424221953497,1.0,0.0,14.8,0.170247494208,0.798737706695,0.7211150923
40,DorothyDay_train05,10,20.8078889847,0.0897751273248,0.0347007273713,1.0,0.0,22.6,0.176899246748,0.836289635657,0.676605106415
41,Unitarian_train16,10,21.5334379673,0.105814225684,0.0481475323336,1.0,0.0,20.8,0.131273109466,0.771815031698,0.448397780267
42,MehrBaba_test04,10,15.8614718914,0.109791197532,0.0541081586033,1.0,0.0,20.4,0.254782599695,0.81882672585,0.509786157081
43,DorothyDay_train18,10,16.1091120243,0.0850745750624,0.0385292474523,1.0,0.0,15.3,0.14772100145,0.747678362518,0.420803211046
44,JohnPiper_train15,10,18.436576128,0.0980197308118,0.0565803795408,0.9,0.1,16.3,0.0992618745192,0.810349247545,0.719768402596
45,JohnPiper_train23,10,17.6746490002,0.0941369102469,0.0486209067918,1.0,0.0,21.5,0.155220289051,0.796861880482,0.701970344981
46,Shepherd_test10,10,23.6138150692,0.0910496709403,0.06831585306,0.9,0.1,16.4,0.0495947264865,0.712043497523,0.631834137198
47,WBC_test06,10,28.7464840412,0.0792130506977,0.0704348460432,0.7,0.3,40.9,0.211625876749,0.77745830547,0.55375376708
48,Shepherd_test01,10,19.0723838806,0.0965022923876,0.0594512255586,0.9,0.1,16.7,0.0755082016464,0.663100495455,0.406476026669
49,JohnPiper_test05,10,16.7610099316,0.114538744465,0.0539278479533,1.0,0.0,20.2,0.137033079971,0.78720388141,0.532349326368
50,PastorAnderson_train15,9,65.5132210255,0.0846161606041,0.0540725787824,0.888888888889,0.111111111111,62.6666666667,0.0759186175563,0.776253799791,0.421538387151
51,DorothyDay_test23,3,3.74224805832,0.0952389379628,0.0383606266723,1.0,0.0,13.6666666667,0.210902255639,0.843921674853,0.548639107467
52,DorothyDay_test07,10,10.940901041,0.0839590006961,0.0383431666256,1.0,0.0,12.0,0.189658497762,0.819038465388,0.660202619643
53,MehrBaba_train16,10,18.4150350094,0.107475351097,0.0385317786877,1.0,0.0,27.9,0.292023623909,0.804978085649,0.524911802033
54,DorothyDay_test16,10,15.7914750576,0.091582008826,0.0439729853193,1.0,0.0,17.1,0.144329948167,0.83094531389,0.593304612706
55,Shepherd_train30,10,19.3423638344,0.0957896584277,0.0639688579773,1.0,0.0,19.1,0.0881921545943,0.675389719842,0.437816722796
56,Unitarian_train00,10,21.173032999,0.105078929827,0.0440140240485,1.0,0.0,19.8,0.117936465484,0.790572473344,0.558516244284
57,Shepherd_train21,10,19.9477291107,0.105814445005,0.0549754130838,1.0,0.0,14.5,0.0572961814858,0.633923684359,0.268762590033
58,Unitarian_train11,10,27.5113220215,0.1033065227,0.0500372038503,1.0,0.0,27.6,0.128257748107,0.739547740359,0.422050202131
59,JohnPiper_train28,10,16.7944369316,0.106393578966,0.0489017657174,1.0,0.0,17.6,0.111535978905,0.808077274983,0.489145298159
60,WBC_train27,10,23.3900208473,0.0890671936355,0.0680144699319,0.6,0.4,29.2,0.190751545838,0.798905670609,0.791819075908
61,Shepherd_train42,10,17.4641270638,0.0924465987025,0.0578718120002,0.9,0.1,14.5,0.0808606197271,0.680670418249,0.46371585743
62,JohnPiper_train02,10,16.2137391567,0.100483963291,0.0501714618327,1.0,0.0,20.9,0.145348935039,0.792395945824,0.571986679324
63,Shepherd_test06,10,20.9495019913,0.0983579881891,0.053360123605,1.0,0.0,15.9,0.0663731077965,0.753796584856,0.568034109823
64,NaumanKhan_train05,8,18.110106945,0.0768169947051,0.0437921883689,0.875,0.125,29.125,0.236117554002,0.730743758081,0.42147118339
65,DorothyDay_test11,10,12.4972720146,0.0966107843143,0.0340372955986,1.0,0.0,12.1,0.125043452527,0.830548985946,0.53643099921
66,Rabbinic_test04,10,15.9263281822,0.0930310760447,0.0467611780191,0.9,0.1,23.1,0.284966631363,0.849449174834,0.545879169474
67,Rabbinic_train06,10,15.2255461216,0.0948384951162,0.0409848570155,1.0,0.0,23.3,0.293523416264,0.864383606837,0.630629025289
68,Shepherd_train15,10,21.1997859478,0.102381897794,0.0544329253933,1.0,0.0,15.7,0.069667385394,0.752555990309,0.422942579583
69,Unitarian_train18,10,19.884428978,0.105123478803,0.0408982807053,1.0,0.0,18.6,0.110822374972,0.782792047302,0.632375828907
70,JohnPiper_train09,10,18.9253518581,0.0961540578212,0.0546911460924,0.9,0.1,22.1,0.141630417575,0.815920708515,0.3616167848
71,WBC_train25,10,22.2602920532,0.0797705689249,0.0853385416032,0.3,0.7,27.1,0.179156826633,0.829157581895,0.508903130349
72,WBC_train05,10,19.5169670582,0.0851220206773,0.0713979485586,0.7,0.3,22.7,0.161273162325,0.779058834303,0.510442410821
73,PastorAnderson_test06,9,59.1571750641,0.089485628781,0.0429484135748,1.0,0.0,53.4444444444,0.0659275879221,0.795658924992,0.604564309961
74,WBC_train15,10,19.6327869892,0.09352212855,0.0557047300417,0.9,0.1,24.9,0.177701195544,0.774133237786,0.539466518249
75,WBC_train07,10,23.2738261223,0.0804889040949,0.0726905677599,0.8,0.2,29.1,0.204537472638,0.786262789834,0.670619451648
76,JohnPiper_test13,10,17.0804290771,0.0994980144984,0.0499044360743,0.9,0.1,19.6,0.132990771306,0.856277337643,0.452849987589
77,JohnPiper_train06,10,19.2655909061,0.106080737931,0.0527867317929,0.9,0.1,19.2,0.115398582266,0.822128519193,0.47536035039
78,MehrBaba_train07,10,12.8234789371,0.125355445621,0.0526779717669,1.0,0.0,18.4,0.240879528744,0.771890936456,0.624908821794
79,PastorAnderson_train04,10,66.5317690372,0.0865127303747,0.0512196373938,1.0,0.0,55.5,0.0717904563474,0.780881059589,0.56417273939
80,Shepherd_train12,10,18.9012141228,0.0932843591774,0.0529173787874,1.0,0.0,14.4,0.0550059636121,0.709301340451,0.533309349565
81,DorothyDay_train22,10,11.3475830555,0.0879210315663,0.0550093797823,0.9,0.1,11.2,0.166584226907,0.842211510891,0.525620673375
82,DorothyDay_train33,10,15.8102920055,0.0887960255668,0.0430081185589,1.0,0.0,16.6,0.157511128762,0.835239013984,0.471121975129
83,Rabbinic_train10,10,16.2334058285,0.0900422647274,0.0330633478205,1.0,0.0,26.0,0.290054951209,0.776603133597,0.518338750833
84,DorothyDay_train08,10,10.9905741215,0.085962000282,0.044310527075,1.0,0.0,10.7,0.171438148783,0.810451641475,0.560388835912
85,DorothyDay_train15,10,20.3228590488,0.0864306721395,0.0320950488285,1.0,0.0,21.0,0.161129554687,0.809602245852,0.656779574583
86,DorothyDay_train42,10,15.6368620396,0.0881174405887,0.0356524395159,1.0,0.0,16.0,0.159241335016,0.824881440562,0.537659039606
87,JohnPiper_train37,10,17.4452052116,0.101452077908,0.0483947010083,1.0,0.0,21.8,0.147212795416,0.839217118224,0.540656291929
88,Shepherd_test20,10,20.8654551506,0.099750273781,0.0536994271735,1.0,0.0,17.9,0.0640895708616,0.718113224676,0.47890542482
89,NaumanKhan_test02,6,28.5521218777,0.0766146790452,0.0226630916816,1.0,0.0,53.0,0.201398305228,0.78502987035,0.47319457099
90,JohnPiper_test08,10,18.0589251518,0.116871754728,0.0450338153752,1.0,0.0,23.0,0.144006590672,0.800222511217,0.409118093718
91,PastorAnderson_train12,10,66.6144649982,0.0848935371734,0.0502830001511,0.9,0.1,52.3,0.079743341213,0.777691663905,0.629041330437
92,PastorAnderson_train03,10,58.4118490219,0.0875225939644,0.0477610246529,1.0,0.0,51.9,0.0827152718204,0.786295079245,0.58857452565
93,NaumanKhan_train01,10,38.9413108826,0.0852291336619,0.0378144426347,1.0,0.0,31.4,0.106506788502,0.74849932077,0.621150915918
94,Unitarian_test04,10,29.5917630196,0.0968527571294,0.0496487927682,1.0,0.0,28.0,0.114651335532,0.758196084381,0.451652028664
95,JohnPiper_train22,10,16.2685709,0.0993008229322,0.0458687593202,1.0,0.0,20.9,0.152075915135,0.815140804371,0.665991468171
96,Shepherd_train06,10,19.3333380222,0.103776268046,0.0562444258047,1.0,0.0,16.7,0.0863783703789,0.702904250331,0.375416012475
97,Shepherd_train35,10,20.3027899265,0.100216661301,0.0530389246699,1.0,0.0,15.4,0.0546470480923,0.696094491991,0.477147595549
98,DorothyDay_train34,10,21.025247097,0.0867459617166,0.0367304805763,1.0,0.0,24.1,0.169403779324,0.78918031398,0.659422556405
99,Shepherd_train24,10,20.4643969536,0.0942752369885,0.0619026146688,0.9,0.1,14.4,0.0569102947542,0.68186194693,0.544855997407
100,DorothyDay_train03,10,9.20871210098,0.0879665552714,0.0323376606846,1.0,0.0,9.5,0.152070744913,0.810922258127,0.675453686345
101,Unitarian_train14,10,28.1990871429,0.102818171196,0.0538662835542,1.0,0.0,29.4,0.139193102762,0.740361732222,0.349492092085
102,MehrBaba_test02,10,20.0571789742,0.0981912882464,0.047295389611,1.0,0.0,24.1,0.236378160497,0.822639256335,0.571517007522
103,DorothyDay_train51,10,13.6846780777,0.0991757248079,0.0430528409375,1.0,0.0,13.5,0.131722531634,0.82268217291,0.750171071595
104,NaumanKhan_train00,10,27.6877658367,0.0877187953812,0.0319531043308,1.0,0.0,31.3,0.186612493246,0.779344249427,0.658851651823
105,JohnPiper_train25,10,17.5290830135,0.0916409312821,0.0517166790434,0.8,0.2,20.9,0.134510508894,0.798464548236,0.446663074761
106,Shepherd_train50,9,18.5109109879,0.0964297742903,0.0584420977062,0.888888888889,0.111111111111,16.2222222222,0.0842606356475,0.706493155575,0.335047677081
107,JohnPiper_train19,10,19.2585670948,0.102524383614,0.042241325318,1.0,0.0,19.2,0.115289193403,0.757154855581,0.543578665035
108,DorothyDay_train50,10,11.3446249962,0.086760933278,0.0337683403637,1.0,0.0,13.6,0.201198007421,0.825610251703,0.561189750291
109,Shepherd_train49,10,21.011193037,0.104626591433,0.0519528559653,1.0,0.0,15.3,0.0586167211746,0.728459230812,0.441180818342
110,JohnPiper_train07,10,20.0326931477,0.0942393737854,0.0523192392675,0.9,0.1,23.4,0.144791862697,0.7915408949,0.53500807978
111,Shepherd_test16,10,19.3341319561,0.0996267464709,0.0549630004734,0.9,0.1,18.9,0.084813646215,0.707505178465,0.422488674102
112,WBC_test00,10,20.559486866,0.086547365744,0.0760234378784,0.6,0.4,29.7,0.201620438356,0.778522712907,0.486131212117
113,Shepherd_test03,10,20.9600119591,0.0954966798026,0.0610750926982,0.9,0.1,16.8,0.0620007952877,0.674766173629,0.404111999249
114,JohnPiper_test07,10,17.3552908897,0.103491044599,0.0413810873034,1.0,0.0,18.5,0.124416760996,0.755508239531,0.535567975998
115,DorothyDay_test21,10,11.450165987,0.0912287408076,0.0393729987812,0.9,0.1,11.9,0.136498517546,0.826288608181,0.54612780051
116,DorothyDay_test01,10,16.5629010201,0.0825804261913,0.0420802156514,1.0,0.0,19.4,0.191392002995,0.825851267788,0.438442394855
117,MehrBaba_train14,10,9.74708414078,0.12903184188,0.0456399129975,1.0,0.0,11.7,0.206653137708,0.858724260769,0.607013940283
118,DorothyDay_test14,10,15.5474829674,0.0915196810446,0.032995250275,1.0,0.0,18.0,0.180729646997,0.816979358507,0.394264635793
119,WBC_train09,10,20.2694821358,0.0852090652611,0.0840499894611,0.4,0.6,22.6,0.166294433091,0.810150923882,0.514265937342
120,MehrBaba_train18,5,7.14985585213,0.116849575989,0.0428732835722,1.0,0.0,23.0,0.332695084911,0.804822453973,0.38543027219
121,Unitarian_train02,10,32.2380759716,0.101333233727,0.0470026225886,1.0,0.0,31.8,0.147036495358,0.774875058182,0.445432739341
122,Shepherd_train23,10,21.7638731003,0.101029318105,0.04964541219,1.0,0.0,19.6,0.0723916280187,0.725356707645,0.602939555116
123,Rabbinic_train08,10,14.0130867958,0.0894113568128,0.0380277768677,1.0,0.0,21.9,0.300935405436,0.794442313922,0.552966206216
124,JohnPiper_train32,10,17.7595350742,0.0938894946404,0.060361046505,0.9,0.1,22.7,0.153499933552,0.807226255704,0.509861895352
125,Shepherd_train40,10,22.299380064,0.0902759844343,0.0611729773772,1.0,0.0,14.1,0.0469568184747,0.664446464416,0.654228400308
126,JohnPiper_train00,10,18.5037500858,0.0941709610504,0.0416550509764,1.0,0.0,18.1,0.114094487792,0.767918888451,0.519194007937
127,Shepherd_test19,10,20.0429821014,0.091536904317,0.0561521813256,0.9,0.1,13.6,0.0590354008651,0.720021233053,0.530116859093
128,WBC_train23,10,21.8931078911,0.0805329159656,0.0795605235528,0.4,0.6,30.4,0.216144661996,0.800293556848,0.517871912372
129,Shepherd_test08,10,20.0032720566,0.100837074212,0.0588241789121,1.0,0.0,17.2,0.0691160130886,0.677779962086,0.669151479082
130,JohnPiper_train14,10,18.2292420864,0.0895542213676,0.048486529769,1.0,0.0,21.4,0.137724417518,0.803173928988,0.651756479787
131,JohnPiper_train20,10,17.4204440117,0.0983615056687,0.0493383093852,0.9,0.1,19.3,0.128968384812,0.818332082353,0.609800721825
132,Shepherd_train17,10,21.0182831287,0.0998312537187,0.0520740117263,1.0,0.0,16.1,0.0524496600693,0.66586206106,0.436160288778
133,DorothyDay_train38,10,16.5483491421,0.0934658842796,0.0344832821805,1.0,0.0,18.7,0.174544040572,0.820201272886,0.397172939115
134,JohnPiper_train35,10,17.7863800526,0.101601962246,0.0486969383285,1.0,0.0,19.9,0.132825843238,0.808934997016,0.59308283492
135,DorothyDay_test18,10,16.63894701,0.0845455492014,0.0442113650429,0.9,0.1,16.3,0.143957783997,0.82768287544,0.622932872629
136,PastorAnderson_test04,10,71.1922090054,0.0872681390473,0.0458297617753,0.9,0.1,45.9,0.0486351710219,0.754515937557,0.503778862117
137,WBC_train17,10,25.3134081364,0.0798045353024,0.0733503051113,0.6,0.4,33.4,0.200714756601,0.79163844054,0.63895188363
138,DorothyDay_train49,10,10.6136679649,0.0947534293596,0.0299808415432,1.0,0.0,10.4,0.139708144851,0.806148323208,0.388401376611
139,MehrBaba_train17,10,12.4097089767,0.112339697941,0.0387638168125,1.0,0.0,14.0,0.160644986923,0.811622958944,0.535733725227
140,JohnPiper_test11,10,17.1289350986,0.0979971704792,0.0375550566615,1.0,0.0,17.4,0.116075594178,0.784409089521,0.335615643131
141,WBC_test12,6,13.187951088,0.0857493075371,0.0702657520467,0.666666666667,0.333333333333,26.5,0.174690564696,0.817405386042,0.592022754552
142,MehrBaba_train01,10,10.6924669743,0.105407543033,0.0409316465735,1.0,0.0,13.7,0.214398869116,0.848994150556,0.579315123072
143,PastorAnderson_train06,10,81.2049429417,0.0856428073474,0.0565827394439,0.8,0.2,69.2,0.0670053177897,0.777856852599,0.489903930272
144,Unitarian_test03,10,30.4609811306,0.0983881073729,0.0480126375642,1.0,0.0,26.6,0.102913810041,0.786453738433,0.37312285084
145,DorothyDay_train24,10,10.9403598309,0.0867631277027,0.0409517735853,1.0,0.0,12.8,0.173577156827,0.85203146085,0.656753588588
146,DorothyDay_train31,10,16.1299660206,0.091751650144,0.037278757556,1.0,0.0,17.4,0.16658419119,0.840569622002,0.59888891046
147,DorothyDay_train06,10,9.64356613159,0.0899045201387,0.0396513044011,1.0,0.0,10.0,0.15580541578,0.802812897214,0.615424893211
148,DorothyDay_train17,10,14.5450778008,0.0843036776067,0.0303338402765,1.0,0.0,18.4,0.184256525716,0.822383522451,0.500701010495
149,DorothyDay_train40,10,12.7414889336,0.0939173594735,0.0384467587314,1.0,0.0,13.9,0.167486405497,0.855390156624,0.633141264765
150,WBC_train21,10,24.5044569969,0.0774741696928,0.0780890650904,0.6,0.4,30.0,0.194413344,0.824588950319,0.629322185628
151,WBC_test05,10,22.1708331108,0.0915763480846,0.0738009180215,0.6,0.4,27.3,0.17739836316,0.830370507117,0.630229492133
152,PastorAnderson_train10,10,75.103153944,0.0866563605857,0.0553932698183,0.9,0.1,65.0,0.0752718202204,0.757503040501,0.390964590164
153,MehrBaba_train13,10,11.3535308838,0.118124333564,0.0498816609518,1.0,0.0,14.2,0.228551494663,0.816011908468,0.476065225729
154,JohnPiper_train12,10,17.1877830029,0.103754449717,0.052835290574,0.9,0.1,17.4,0.112345245319,0.817547256616,0.501912199304
155,Shepherd_train04,10,20.0423240662,0.0938406759392,0.0612100278034,1.0,0.0,17.4,0.0685898536974,0.672529844371,0.343827784086
156,Shepherd_train33,10,20.6839621067,0.10109365012,0.0534070768854,1.0,0.0,18.7,0.0724030361517,0.728181904811,0.521531151099
157,Shepherd_train26,10,20.4927380085,0.0980011413037,0.0617806557038,0.9,0.1,17.3,0.0697535106663,0.672051879533,0.519790418074
158,DorothyDay_train01,10,16.0465140343,0.0929456041009,0.0312720445271,1.0,0.0,16.2,0.170393390193,0.780347052547,0.50828120791
159,Unitarian_train12,10,22.7048280239,0.107341813505,0.0433572633677,1.0,0.0,21.0,0.126179467058,0.745519654793,0.495049356382
160,MehrBaba_test00,10,10.0503511429,0.102056051311,0.0399082929128,1.0,0.0,12.6,0.17379787983,0.803805758892,0.607592026584
161,Rabbinic_train05,10,14.0678269863,0.08838164114,0.0368860612722,1.0,0.0,20.9,0.274746135579,0.862280083271,0.438722975569
162,DorothyDay_train52,10,11.9476008415,0.0938635546216,0.0433037523684,1.0,0.0,11.4,0.139947439392,0.815906328588,0.605034025752
163,Shepherd_train47,10,21.2445549965,0.094796659195,0.0569365876829,1.0,0.0,18.5,0.0766912701477,0.742302411035,0.458262409074
164,JohnPiper_train05,10,17.0876469612,0.098981671473,0.0494956417649,1.0,0.0,17.3,0.11314590905,0.803331804502,0.480744188721
165,Shepherd_test14,10,19.8374140263,0.107976089896,0.0537544244279,1.0,0.0,19.4,0.0920509741745,0.688097111339,0.413762371892
166,WBC_test02,10,19.1703488827,0.0828812130669,0.0781312433628,0.4,0.6,25.3,0.188776942936,0.80324562067,0.553295940933
167,Shepherd_test05,10,21.4200539589,0.100652197974,0.0539281534966,0.9,0.1,18.5,0.062824160857,0.670234320059,0.367566966678
168,JohnPiper_test01,10,16.8228240013,0.0958968259049,0.0442843515264,1.0,0.0,18.9,0.138485836314,0.82961351805,0.427742248757
169,DorothyDay_test03,10,14.9722261429,0.0872400168214,0.0316403378143,1.0,0.0,15.9,0.174553223143,0.811855939306,0.513295478268
170,DorothyDay_test12,10,13.9673779011,0.091159885651,0.0322933371605,1.0,0.0,18.9,0.210761792338,0.831114309847,0.603142821872
171,Rabbinic_test01,10,12.9783740044,0.100306068008,0.034949143326,1.0,0.0,17.7,0.238024735144,0.772261678564,0.468707256019
172,Unitarian_train04,10,23.861440897,0.0966695687019,0.0525407631381,0.9,0.1,19.9,0.0944402708551,0.75155309753,0.373685447041
173,DorothyDay_train28,10,18.4461491108,0.0831541324786,0.0368022980832,1.0,0.0,18.2,0.172910836044,0.824085050458,0.502783264546
174,JohnPiper_train30,10,18.1764779091,0.108402195889,0.0508364863293,1.0,0.0,21.2,0.129679009008,0.801016380248,0.493094401261
175,WBC_train10,10,17.4512047768,0.0811900101648,0.0800896405815,0.5,0.5,24.1,0.202426352012,0.832130504879,0.569205767749
176,JohnPiper_test16,10,16.8422501087,0.0995897090696,0.044672359783,1.0,0.0,16.5,0.124796391663,0.808713514681,0.537932793961
177,WBC_train08,10,26.7088229656,0.0904866563194,0.0800702514375,0.6,0.4,35.2,0.192044486592,0.772593465231,0.566491866521
178,DorothyDay_test08,10,15.881937027,0.091439198659,0.0469978883569,1.0,0.0,17.3,0.156668511685,0.81715652773,0.681030265209
179,Shepherd_train11,10,22.3941340446,0.0876244447485,0.0607521689199,0.9,0.1,19.6,0.0617532464937,0.649904456311,0.461441540195
180,JohnPiper_train10,10,16.1945719719,0.104983081523,0.050982392486,0.9,0.1,18.6,0.122009274367,0.871809705688,0.640754537019
181,Shepherd_train08,10,19.4348268509,0.0967173320612,0.0529319202977,1.0,0.0,15.7,0.0676420809182,0.699413243672,0.434785514773
182,WBC_train29,3,10.0536248684,0.0749957268834,0.0928407284349,0.333333333333,0.666666666667,45.0,0.189404746609,0.816781851072,0.552511103017
183,PastorAnderson_test02,10,84.1191608906,0.083492849719,0.0490697874266,1.0,0.0,69.2,0.0697123118891,0.768901503202,0.680437037165
184,DorothyDay_train10,10,16.1486449242,0.0867346809871,0.0438533622624,0.9,0.1,17.4,0.157190853377,0.797168523577,0.669653065316
185,WBC_train03,10,19.4599261284,0.0795988505948,0.0829867678495,0.3,0.7,25.5,0.192843530929,0.852341358868,0.798341422614
186,WBC_test10,10,19.5431549549,0.0750078525007,0.0798758077202,0.4,0.6,21.2,0.180179743617,0.782329968554,0.439685669379
187,MehrBaba_train03,10,13.9503788948,0.119721982469,0.0454049464748,1.0,0.0,16.4,0.245088254996,0.898349329617,0.582968268995
188,PastorAnderson_train00,10,73.0180120468,0.0891995210405,0.0508151862234,0.9,0.1,63.5,0.0847433072057,0.793828068016,0.401744289667
189,Unitarian_test01,10,26.0175318718,0.100824864597,0.0428007135649,1.0,0.0,20.8,0.0985486117235,0.749784604389,0.364827233043
190,Shepherd_train03,10,19.9966709614,0.0982735527483,0.0544759233271,0.9,0.1,15.8,0.0611780706739,0.6792820915,0.383221948152
191,DorothyDay_train26,10,15.6247000694,0.0929387266763,0.0323032128073,1.0,0.0,19.7,0.199058953889,0.790809538168,0.642755088056
192,Shepherd_train38,10,20.4303760529,0.0990841996764,0.0539977203761,0.9,0.1,15.0,0.0484065326212,0.696851404014,0.61478473879
193,DorothyDay_train37,10,16.2881059647,0.0881627662722,0.0354573280696,1.0,0.0,20.1,0.207101846015,0.819744650851,0.463609756404
194,Unitarian_train08,10,31.159348011,0.0980797114573,0.0483413726241,1.0,0.0,29.1,0.112227431365,0.748388536729,0.521624862979
195,Shepherd_train29,10,19.0502409935,0.102924050915,0.048263390235,1.0,0.0,18.6,0.0910530775614,0.689434781571,0.570473769516
196,DorothyDay_train04,10,15.1869010925,0.0913577089513,0.0423337976492,1.0,0.0,15.7,0.189135794437,0.860564491049,0.682787312274
197,MehrBaba_test07,10,12.7591400146,0.116170110305,0.0447478177094,1.0,0.0,16.4,0.219086286504,0.797941281372,0.585037400989
198,DorothyDay_train44,10,13.9173948765,0.0895446924673,0.0426915474255,1.0,0.0,16.1,0.178554952082,0.813315353493,0.54147465247
199,DorothyDay_train19,10,17.4680728912,0.0883586819926,0.0363133237946,1.0,0.0,19.2,0.189500105253,0.800727948125,0.574378487654
200,DorothyDay_train46,10,16.3452889919,0.0970363283656,0.0372427765605,1.0,0.0,17.3,0.154831005231,0.805572584382,0.649953767316
201,Rabbinic_train02,10,14.8330259323,0.0961100006962,0.0359349707983,1.0,0.0,20.8,0.250198415922,0.797679137546,0.563689655741
202,Shepherd_test13,10,18.3004558086,0.0973680946604,0.0534325725714,1.0,0.0,14.3,0.063805250013,0.693826839708,0.5110684143
203,WBC_test07,10,23.5019540787,0.0836716593317,0.0762047555963,0.5,0.5,29.5,0.188041077303,0.835687274607,0.619662736728
204,JohnPiper_test04,10,17.9792838097,0.105856065067,0.0507646173084,1.0,0.0,22.5,0.15163927151,0.810162377447,0.426511056746
205,MehrBaba_train08,10,12.1260871887,0.105120101303,0.0502154557312,0.9,0.1,16.0,0.226304124782,0.853754231178,0.503067922808
206,DorothyDay_test04,10,15.9215388298,0.0874171963966,0.0399809420716,1.0,0.0,20.3,0.186223554299,0.85137505955,0.50634803618
207,MehrBaba_train11,10,13.3213059902,0.10882829729,0.057095087834,0.9,0.1,18.8,0.199798917752,0.813212810726,0.578911470584
208,Unitarian_test08,3,7.56763100624,0.0963791698038,0.0381421831038,1.0,0.0,27.3333333333,0.112905844156,0.746128713972,0.499602573883
209,Shepherd_train31,10,18.7315590382,0.09933728556,0.0662937590009,0.9,0.1,15.7,0.0685204346215,0.656920704313,0.367166178211
210,Unitarian_train01,10,32.6627588272,0.0992644018383,0.0467201876008,1.0,0.0,27.9,0.120635550262,0.768157328343,0.411324791897
211,Shepherd_train20,10,20.1601698399,0.0943529882373,0.0549578953248,0.8,0.2,15.8,0.0615637013007,0.694094060207,0.551051350169
212,Unitarian_train10,10,27.30291605,0.104503796503,0.0414994501169,1.0,0.0,24.6,0.110442321571,0.80306417517,0.651686915376
213,JohnPiper_train29,10,19.0664441586,0.0971270714292,0.0428244736704,0.9,0.1,18.4,0.111935399318,0.786519264055,0.33448817882
214,Shepherd_train45,10,20.1251838207,0.0938689838749,0.0533726602366,1.0,0.0,14.2,0.049398840748,0.710602965306,0.317453131918
215,JohnPiper_train03,10,15.3871679306,0.101332414758,0.0441132311273,1.0,0.0,15.7,0.108870455445,0.810540360004,0.411012017898
216,Shepherd_test07,10,20.2773830891,0.0894007147998,0.0521422967965,0.8,0.2,15.8,0.0574115663041,0.697125159101,0.383657025218
217,JohnPiper_test03,10,15.4992079735,0.0930464249871,0.0552626802693,1.0,0.0,16.7,0.117190256833,0.83292888584,0.495847981465
218,DorothyDay_test10,10,13.3400199413,0.089524724761,0.0404270276063,1.0,0.0,15.3,0.19775082596,0.857313576424,0.530476324226
219,Rabbinic_test03,10,14.6602571011,0.0972987436451,0.0442310275744,1.0,0.0,20.6,0.265351341004,0.866459563871,0.660925463444
220,Unitarian_train06,10,24.3327219486,0.10333029947,0.0507965468115,1.0,0.0,22.6,0.105145196972,0.74482251574,0.454271308997
221,JohnPiper_train36,10,17.4500191212,0.106054121533,0.0488977043035,0.9,0.1,18.8,0.11804161101,0.767333705089,0.644028299332
222,WBC_train12,10,20.9478549957,0.0776704952359,0.0734524540629,0.5,0.5,24.9,0.16950516676,0.801955483836,0.58599510965
223,JohnPiper_train18,10,14.8413112164,0.0944241526809,0.0506046358913,0.9,0.1,17.1,0.143303703642,0.757655539693,0.586256026108
224,NaumanKhan_train02,10,39.3737380505,0.0789939465113,0.0399130403596,1.0,0.0,40.9,0.15543511176,0.683041240149,0.391140388772
225,JohnPiper_test14,10,18.6368198395,0.0944190752448,0.0482287576688,0.9,0.1,21.3,0.127126673765,0.817097539036,0.585654801252
226,JohnPiper_train27,10,17.1397361755,0.0959466003205,0.0427957729938,1.0,0.0,19.5,0.136262435315,0.8133752175,0.470579312576
227,MehrBaba_train04,10,10.1710319519,0.112309259963,0.0535947979919,0.9,0.1,16.9,0.292011598072,0.854166050789,0.620185305888
228,NaumanKhan_test00,10,27.0480620861,0.0854758480136,0.0371835138915,1.0,0.0,25.1,0.113797190036,0.787442091065,0.341584867357
229,Shepherd_train13,10,23.8110220432,0.0881709000409,0.0549906041721,1.0,0.0,19.6,0.0639636694366,0.679937744595,0.518028879017
230,DorothyDay_train21,10,14.1552979946,0.0868181124809,0.0337651805715,1.0,0.0,17.1,0.18051012978,0.822279120375,0.621066407678
231,WBC_train16,10,22.3754770756,0.0852608690171,0.0639717203158,0.8,0.2,26.9,0.205981510733,0.799637299608,0.596846643251
232,JohnPiper_train39,10,16.752466917,0.0934559377562,0.049254327608,1.0,0.0,19.1,0.148381150947,0.806969542094,0.706793752364
233,PastorAnderson_test00,10,78.0669260025,0.0850407536393,0.0382612218651,1.0,0.0,63.8,0.0625168210384,0.768907113972,0.647309740167
234,JohnPiper_train40,5,8.71303606033,0.102751141413,0.0582986227948,1.0,0.0,20.2,0.128644076807,0.801701071479,0.457298929621
235,WBC_train01,10,26.789525032,0.0774429932861,0.0817209759948,0.5,0.5,33.7,0.163612916246,0.791636731322,0.524327401765
236,Shepherd_test21,9,18.9404761791,0.0989325298867,0.0527663054565,1.0,0.0,17.2222222222,0.0563241996252,0.713293357987,0.610548625699
237,WBC_test08,10,22.0387649536,0.0773697251342,0.0725736329294,0.6,0.4,27.8,0.18247621298,0.806830296647,0.518218989996
238,PastorAnderson_train13,10,72.4131259918,0.09028485249,0.0422969362244,1.0,0.0,67.5,0.0912735821277,0.784434917874,0.552175103954
239,PastorAnderson_train02,10,80.3841300011,0.0837174423895,0.0585310205612,0.8,0.2,68.3,0.084350163407,0.776174053569,0.56253530425
240,Unitarian_test07,10,22.7512931824,0.107688384663,0.0490229652782,0.9,0.1,21.4,0.121302040541,0.783632798454,0.514865679302
241,Shepherd_train18,10,20.0391020775,0.0967257526983,0.0632294426274,0.9,0.1,17.5,0.0707378898549,0.690178492227,0.446095572345
242,Shepherd_train01,10,19.5427320004,0.101773591421,0.0571594351843,0.9,0.1,16.2,0.0690659859026,0.681237713492,0.498628008191
243,Shepherd_train36,10,20.5612010956,0.0935827008886,0.0509969661956,1.0,0.0,16.1,0.0625186448874,0.706537025616,0.560495186544
244,DorothyDay_train35,10,13.1996908188,0.0938025750563,0.0370582042945,1.0,0.0,13.6,0.144357413899,0.805034136156,0.571240536784
245,DorothyDay_train02,10,16.3519208431,0.0898521729153,0.0343475988227,1.0,0.0,19.2,0.189798979983,0.847336407288,0.432401141985
246,Unitarian_train17,10,30.3427848816,0.0905477269642,0.118761201933,0.9,0.1,27.4,0.105464239146,0.68159457107,0.549941058899
247,MehrBaba_test05,10,10.3626511097,0.109422653693,0.0568767910069,0.9,0.1,15.0,0.198860252263,0.797506120773,0.521929747787
248,DorothyDay_train12,10,13.27216506,0.0904297577786,0.0440209411067,1.0,0.0,15.2,0.162634445375,0.795320208074,0.553356683389
249,JohnPiper_train16,10,16.8793728352,0.0972144217963,0.0564393438069,0.9,0.1,18.0,0.111667591092,0.78906765817,0.661056402312
250,Rabbinic_train00,10,15.0252058506,0.0933133687437,0.0384267016654,1.0,0.0,21.3,0.260710494115,0.774711192576,0.314791665484
251,WBC_train26,10,20.4769217968,0.0748132870305,0.0826489158078,0.3,0.7,26.2,0.204853502358,0.799027996699,0.555462826452
252,Shepherd_train48,10,19.6019990444,0.097226954277,0.0594138156358,1.0,0.0,14.9,0.0648696057495,0.703499094671,0.425888773744
253,Shepherd_test11,10,18.5367918015,0.101327891061,0.05036796375,1.0,0.0,18.5,0.0903449816323,0.738440472133,0.46878410342
254,WBC_test01,10,17.444065094,0.0699697568517,0.0723158540446,0.5,0.5,21.1,0.154479616439,0.833836473046,0.56880468286
255,Shepherd_test00,10,19.3864278793,0.100261433179,0.0558905255485,0.9,0.1,11.9,0.0509343868608,0.694678219032,0.438350654927
256,JohnPiper_test06,10,17.1340088844,0.0997500513171,0.0478873080855,1.0,0.0,16.2,0.104854977346,0.827408989198,0.539320859177
257,PastorAnderson_train14,10,65.2778501511,0.0781215258335,0.0536791673685,1.0,0.0,53.3,0.0781547052098,0.791844237843,0.6366246035
258,DorothyDay_test22,10,15.2461900711,0.0882723596415,0.0329491102357,1.0,0.0,18.6,0.211126559234,0.831193475292,0.561808529954
259,DorothyDay_test06,10,14.9758341312,0.0854042382646,0.0356120692748,1.0,0.0,17.4,0.175520386428,0.816820616921,0.505413832429
260,PastorAnderson_train09,10,69.2740728855,0.0817101504674,0.0535261246116,1.0,0.0,67.2,0.0806101380396,0.775974980013,0.483843011522
261,DorothyDay_train45,10,18.5102221966,0.0854041676972,0.0440633114978,1.0,0.0,20.0,0.146415590243,0.821685956457,0.670247560417
262,DorothyDay_test17,10,21.0050580502,0.0876565302701,0.0412575457831,1.0,0.0,24.3,0.193307935539,0.84192224546,0.536588206132
263,Rabbinic_train07,10,14.1924040318,0.099256913188,0.0364121248198,1.0,0.0,20.6,0.265451186619,0.784855362401,0.531055466971
264,Unitarian_train03,10,23.2620418072,0.0982320867731,0.0554329021878,1.0,0.0,21.0,0.118193541685,0.778167857314,0.495116040793
265,Shepherd_train22,10,21.4207921028,0.0977642603491,0.0571416804745,0.9,0.1,18.1,0.0808362491125,0.665729456938,0.490821663078
266,Rabbinic_train09,10,16.9886090755,0.0951577919469,0.0388349767366,1.0,0.0,21.3,0.225914511012,0.818031525981,0.631581952854
267,WBC_train04,10,21.1024858952,0.0839737831731,0.0722754813876,0.8,0.2,28.2,0.198637698292,0.773159137285,0.493660429956
268,Shepherd_train43,10,21.2134230137,0.099911156319,0.0620853441263,0.9,0.1,16.1,0.0551611613946,0.702223702203,0.303938940863
269,JohnPiper_train01,10,19.7504899502,0.106650667,0.0439797260773,1.0,0.0,21.3,0.125138357749,0.79366747435,0.733965644941
270,Shepherd_test18,10,21.3303258419,0.0992753021095,0.053337409465,1.0,0.0,18.7,0.065825339661,0.705807967305,0.357921723022
271,Shepherd_test09,10,19.8591151237,0.0994962038584,0.0560834530897,1.0,0.0,16.4,0.0625096697456,0.657511865127,0.561617275042
272,WBC_train19,10,21.0876801014,0.0868840242796,0.0758416836742,0.5,0.5,25.6,0.178407575857,0.799954241798,0.767760526862
273,Shepherd_train14,10,19.6801788807,0.103401324512,0.0575417458973,1.0,0.0,15.6,0.0590312111722,0.639297345495,0.401527264237
274,Unitarian_train19,3,5.99386811256,0.0992531353097,0.0634812515583,1.0,0.0,17.0,0.122637799147,0.779970711059,0.662969695309
275,DorothyDay_train39,10,7.58990097046,0.0930320399107,0.0395858164287,1.0,0.0,8.5,0.159788418759,0.815817060372,0.473278415904
276,JohnPiper_train34,10,18.0280408859,0.0978534557106,0.0559729147104,1.0,0.0,21.3,0.151060320539,0.781634687516,0.526180849695
277,PastorAnderson_test05,10,67.0941591263,0.0821802314301,0.0530273689201,1.0,0.0,54.3,0.0734276686581,0.774590524504,0.69058945134
278,WBC_train14,10,22.9857079983,0.0812057437585,0.0743575666387,0.6,0.4,29.5,0.194687780788,0.804047565829,0.694755765402
279,DorothyDay_train48,10,14.2840061188,0.0847771716619,0.0383378022845,1.0,0.0,13.9,0.131674885278,0.81244289924,0.547152813215
280,WBC_train24,10,20.7310209274,0.0844338198618,0.0659587246436,0.6,0.4,24.2,0.180775890881,0.815851278032,0.455807353286
281,JohnPiper_test12,10,18.4532401562,0.0954782879371,0.0538017136139,1.0,0.0,20.8,0.129855549273,0.801061036569,0.510368154136
282,DorothyDay_test19,10,16.014300108,0.0911003302418,0.0402767336377,1.0,0.0,18.3,0.165766079183,0.824788253077,0.534583880128
283,MehrBaba_train06,10,14.5253310204,0.113976158765,0.0456346640532,1.0,0.0,25.2,0.261573660373,0.843550113282,0.656607737228
284,PastorAnderson_train05,10,69.6870839596,0.0793582083592,0.0514457335083,1.0,0.0,59.0,0.0790406244569,0.82849651128,0.570218631214
285,DorothyDay_train47,10,14.5311760902,0.0935000688259,0.0352480915306,1.0,0.0,16.2,0.140808046794,0.839043184749,0.549349482929
286,Unitarian_test02,10,27.9574780464,0.0976329574762,0.0430011123621,1.0,0.0,27.4,0.110506124381,0.756944470431,0.589081245005
287,Rabbinic_train01,10,17.5728919506,0.0908733888117,0.0454405212771,1.0,0.0,25.0,0.255019601328,0.809891802767,0.634573238603
288,DorothyDay_train23,10,17.0639719963,0.0888309895884,0.0367902974932,1.0,0.0,19.7,0.174496866851,0.828336642866,0.50769143191
289,DorothyDay_train32,10,8.70097184181,0.0859532183789,0.0391350810006,1.0,0.0,9.7,0.161168870538,0.803822686196,0.54857456533
290,Rabbinic_train11,6,8.93210101128,0.103019448472,0.0370990355789,1.0,0.0,19.6666666667,0.244730902419,0.837480375587,0.367649946809
291,DorothyDay_train09,10,11.1462190151,0.0898776350173,0.0433187652847,1.0,0.0,13.3,0.166452380316,0.832440124548,0.405137184964
292,NaumanKhan_train03,10,27.190196991,0.0877033763101,0.0413134748693,0.9,0.1,33.8,0.214820010399,0.756572488248,0.338314709783
293,DorothyDay_train14,10,16.63595891,0.0886775806828,0.0388543230632,1.0,0.0,19.7,0.16814668965,0.845774245216,0.555251997789
294,DorothyDay_train43,10,15.7734689713,0.0913758701537,0.0280401519095,1.0,0.0,17.2,0.179751283134,0.848974142779,0.554916277105
295,WBC_train06,10,21.2323338985,0.0897228992147,0.071749957255,0.8,0.2,28.2,0.2002988593,0.791570100523,0.346279707096
296,JohnPiper_test09,10,18.3460919857,0.103423205095,0.0576788792281,0.9,0.1,19.3,0.119653651652,0.771516312938,0.440600287821
297,PastorAnderson_train11,10,71.640884161,0.0838790428139,0.0476106428144,0.9,0.1,61.4,0.0803185261782,0.757513065059,0.580060098079
298,MehrBaba_train12,10,11.918806076,0.117580804272,0.0502561174235,1.0,0.0,18.6,0.244768788225,0.837179523058,0.715394707836
299,Unitarian_test05,10,28.6825408936,0.101804788535,0.0515715733193,0.9,0.1,27.8,0.116825730446,0.739304332439,0.574728596628
300,Shepherd_train07,10,19.1363279819,0.0975024636877,0.0575131338108,1.0,0.0,15.3,0.0582246407989,0.660024770794,0.576448386944
301,Shepherd_train34,10,22.0360529423,0.098420720579,0.0613594502034,1.0,0.0,17.6,0.0675819647523,0.691833219562,0.584924184117
302,Shepherd_train25,10,20.4363920689,0.102551620447,0.0649081717686,0.9,0.1,17.4,0.0700945176122,0.706923107265,0.560891234376
303,DorothyDay_train00,10,13.7472991943,0.0852429527825,0.0398077333361,1.0,0.0,15.8,0.18291529879,0.824661982797,0.607094304524
304,Unitarian_train15,10,23.8598649502,0.10035369771,0.0506330833629,0.9,0.1,20.3,0.0958972630132,0.757748985268,0.365678445494
305,MehrBaba_test03,10,11.5073218346,0.116861334569,0.0433201346065,1.0,0.0,15.9,0.263362864808,0.853398678781,0.585804499925
306,JohnPiper_train24,10,19.2261769772,0.104245771463,0.0454778895523,1.0,0.0,24.8,0.152516173588,0.796823695651,0.382240777798
307,DorothyDay_train53,10,11.7313270569,0.101200300213,0.043622012997,1.0,0.0,15.3,0.194996120927,0.801549888822,0.474668069384
308,Shepherd_train46,10,19.9977200031,0.100070366762,0.0558857160646,1.0,0.0,18.0,0.0810888403432,0.706608137206,0.510467159819
309,WBC_train18,10,21.8425550461,0.0900329884686,0.0731204295953,0.8,0.2,27.8,0.189271634488,0.808203603459,0.478096159519
310,Shepherd_test17,10,22.1119010448,0.0957494569193,0.0636991163305,1.0,0.0,17.9,0.0587634121888,0.644607530209,0.322247862143
311,WBC_train22,10,20.1531000137,0.0810147958305,0.0760554925954,0.5,0.5,28.1,0.200753680887,0.769898498442,0.451098655621
312,WBC_test03,10,20.1831438541,0.0794316183165,0.0777163136517,0.6,0.4,24.2,0.166725141506,0.767826056505,0.748307014794
313,Shepherd_test02,10,21.6431570053,0.0960913570971,0.0563088500005,1.0,0.0,17.8,0.0566504619641,0.686039521086,0.527178781884
314,JohnPiper_test00,10,16.9876461029,0.100659919354,0.0491150763914,1.0,0.0,16.9,0.10796372713,0.826315244719,0.622627957549
315,DorothyDay_test20,10,12.6226298809,0.0875719344935,0.0367102920996,1.0,0.0,13.1,0.139132486907,0.7769654227,0.575648358922
316,DorothyDay_test00,10,16.2605168819,0.0836986999633,0.0358752470027,1.0,0.0,16.1,0.159624700429,0.796811900871,0.590410630261
317,MehrBaba_train15,10,15.0196461678,0.106601168113,0.0455133491647,1.0,0.0,23.3,0.301029334107,0.833238329942,0.513633642391
318,DorothyDay_test15,10,14.362757206,0.0784216953042,0.032303703908,0.9,0.1,17.2,0.171481705799,0.833512478071,0.5904994498
319,Rabbinic_test00,10,14.3860621452,0.0938480267509,0.0278466058647,1.0,0.0,19.8,0.253702038297,0.801963817032,0.494548833844
320,JohnPiper_train13,10,18.6516969204,0.0970890294591,0.0478561567952,1.0,0.0,18.6,0.113731380264,0.758624394391,0.646799795411
321,JohnPiper_train21,10,19.3854398727,0.0925750543529,0.0551473537566,1.0,0.0,22.6,0.123791726633,0.817164156707,0.62719759776
322,Unitarian_train05,10,27.2044410706,0.108817638979,0.0479886818292,1.0,0.0,22.4,0.10751409425,0.753376712384,0.39017543056
323,JohnPiper_train33,10,18.3538689613,0.0922397505522,0.0497121719503,1.0,0.0,21.0,0.141818833107,0.81338277753,0.65682838988
324,Shepherd_train41,10,19.8065309525,0.0926106717334,0.0530086128805,1.0,0.0,16.6,0.0769648788466,0.666136099278,0.535096106653
325,WBC_train11,10,21.1163129807,0.0929151294497,0.0665383430256,0.9,0.1,26.2,0.18527312909,0.754487938808,0.686526514092
326,PastorAnderson_train08,10,73.8794522285,0.0844720618674,0.0410350253587,1.0,0.0,58.3,0.0493392244538,0.788451218436,0.523898285581
327,JohnPiper_test17,4,7.03137993813,0.108249448212,0.0437881593794,1.0,0.0,14.0,0.0885507246377,0.771315646977,0.316288022115
328,DorothyDay_test09,10,16.1409010887,0.0877659967553,0.0411598172561,1.0,0.0,19.8,0.19342303638,0.836938466337,0.626561921156
329,Shepherd_train16,10,22.4793801308,0.0918527656626,0.0704405355856,1.0,0.0,18.3,0.06024652682,0.676831898655,0.493415410378
330,WBC_train28,10,22.5723729134,0.0835070776583,0.073726810614,0.6,0.4,32.7,0.216769566013,0.815891126069,0.621993820418
331,PastorAnderson_test03,10,66.0366950035,0.088988466478,0.0417972503305,1.0,0.0,54.0,0.0637587488931,0.762907245676,0.563532163543
332,DorothyDay_train11,10,14.7111799717,0.092415906804,0.0394523071787,1.0,0.0,17.7,0.184640926244,0.811185920172,0.645073562021
333,JohnPiper_train08,10,18.7908771038,0.106085374977,0.0390858819462,1.0,0.0,19.7,0.133137316486,0.759356475127,0.457701689714
334,WBC_train02,10,22.6722819805,0.0858622378436,0.0834182835099,0.5,0.5,29.2,0.199453746382,0.792218227634,0.641019639793
335,JohnPiper_train17,10,17.7934777737,0.0961364378935,0.0617697501148,0.9,0.1,20.0,0.130854924329,0.806968521371,0.59110413527
336,JohnPiper_test10,10,15.3434610367,0.0972807849685,0.0482787672144,1.0,0.0,15.5,0.107987721139,0.805972249998,0.399565192051
337,WBC_train20,10,22.2787361145,0.0829272808636,0.0692604000627,0.6,0.4,29.9,0.200420683632,0.80168026323,0.700365025806
338,MehrBaba_train00,10,15.4589099884,0.105321860857,0.0516609181721,1.0,0.0,18.5,0.174325570491,0.791113378552,0.627485010003
339,PastorAnderson_train07,10,77.6433930397,0.0817984461049,0.0466850759348,1.0,0.0,60.8,0.0703735581678,0.801815938193,0.614827747003
340,Unitarian_test00,10,26.8279800415,0.0949821408401,0.0430449254757,0.9,0.1,25.0,0.142378800918,0.777660700037,0.483585611549
341,JohnPiper_train11,10,18.5803890228,0.0928926425351,0.059445411113,0.9,0.1,26.0,0.168610352421,0.817903017926,0.520179044358
342,Shepherd_train02,10,21.7350718975,0.101858346148,0.0598644377344,1.0,0.0,18.5,0.0767717127083,0.719497943392,0.545133106404
343,DorothyDay_train25,10,10.765996933,0.0904155858091,0.0416720886766,0.9,0.1,11.6,0.156993965577,0.801834735554,0.620167336543
344,Shepherd_train39,10,21.5137720108,0.0919967947928,0.0549900918584,1.0,0.0,17.7,0.0623953915665,0.692130346735,0.426624632793
345,DorothyDay_train30,10,19.2720229626,0.0883901648814,0.0335936419082,1.0,0.0,21.7,0.172216770924,0.842522522604,0.370943066581
346,Unitarian_train09,10,28.2817020416,0.097867138131,0.0480794669,1.0,0.0,29.1,0.117932887725,0.726847395351,0.38114447352
347,Shepherd_train28,10,20.8080790043,0.0987806271537,0.0590673827209,0.9,0.1,15.8,0.0612935086935,0.629052716959,0.437231848295
348,DorothyDay_train07,10,15.9449131489,0.081411218245,0.0389518293613,1.0,0.0,15.8,0.149722137289,0.804880389943,0.592697242682
349,MehrBaba_test06,10,10.5651659966,0.112179934887,0.0448842047568,1.0,0.0,10.8,0.191754268231,0.80310770797,0.576327322576
350,DorothyDay_train16,10,19.1515209675,0.0879841590323,0.0411444223048,1.0,0.0,20.2,0.145755169162,0.831050723297,0.671700744276
351,NaumanKhan_train04,10,31.6584470272,0.0841276802917,0.0283219724158,1.0,0.0,29.5,0.102743887657,0.729383973629,0.414669821198
352,Rabbinic_train03,10,15.7533512115,0.0964227884211,0.0419374177517,1.0,0.0,22.8,0.261592767844,0.83818894226,0.534720176716
353,DorothyDay_train54,1,1.17660689354,0.0902837489252,0.0189165950129,1.0,0.0,6.0,0.09375,-0.625482166211,0.587143174555
354,Shepherd_test12,10,19.2027499676,0.105317893221,0.0540341049324,1.0,0.0,16.2,0.0739699357787,0.688814691417,0.472546911598
355,WBC_test04,10,22.5331408978,0.0920424123775,0.0673784875622,1.0,0.0,26.7,0.177326274105,0.769834881954,0.666568249143
356,MehrBaba_train09,10,10.374270916,0.115786640977,0.0414457319075,1.0,0.0,16.4,0.265622345231,0.864058769431,0.621445132317
357,DorothyDay_test05,10,13.5496809483,0.0949942458354,0.0394947881873,1.0,0.0,18.4,0.207618121582,0.820773630957,0.595023795049
358,MehrBaba_train10,10,11.8521718979,0.121277283605,0.0495039222571,1.0,0.0,17.0,0.225774969841,0.827487061261,0.58180641148
